read_id	alignment_genome	alignment_direction	alignment_genome_start	alignment_genome_end	alignment_strand_start	alignment_strand_end	alignment_num_insertions	alignment_num_deletions	alignment_num_aligned	alignment_num_correct	alignment_identity	alignment_accuracy	alignment_score	alignment_coverage
5a420ba8-67ad-4d12-989a-d8c7ad37db11	pUC57_Cre	+	1	3978	3483	7399	49	110	3867	3797	0.981898	0.94312	6544	0.521581
8fa2dcd1-d0e3-4c6a-82b4-37a4a301c3f2	pUC57_Cre	+	1	3980	3497	7433	54	97	3882	3810	0.981453	0.944706	6638	0.521354
7544c838-587f-4ff9-99fd-57336bb9f35e	pUC57_Cre	+	1	3980	3478	7405	47	99	3880	3817	0.983763	0.948087	6670	0.522982
49bfaaac-94ee-4fb2-9564-6f8344af1963	pUC57_Cre	-	1	7337	472	7725	89	172	7164	7052	0.984366	0.949764	12446	0.960837
c6f23326-a147-4f49-bfcc-1eb3d13ca3e6	pUC57_Cre	+	1	3970	3478	7398	58	107	3862	3776	0.977732	0.937671	6482	0.522033
c00612e5-bddc-4fcf-8f0f-7291054fae65	pUC57_Cre	+	1	3980	3465	7401	39	82	3897	3839	0.985117	0.95545	6860	0.525627
ebf8b25a-4352-434b-b00e-aeadfbad60fc	pUC57_Cre	-	1	3980	3468	7395	37	89	3890	3833	0.985347	0.954432	6822	0.524047
1b7bf45c-47b8-4bb4-9b4f-49cd60b9954e	*	*	-1	-1	-1	-1	-1	-1	-1	-1	-1	-1	-1	-1
625163cb-f9c7-42ed-a117-e1b3ee17135e	pUC57_Cre	+	717	7457	31	6713	80	138	6602	6501	0.984702	0.953226	11510	0.885461
67533444-7250-4798-8a89-6583546e3e4a	pUC57_Cre	-	1	3971	3439	7325	58	142	3828	3755	0.98093	0.932224	6362	0.520321
bb2cd422-02ee-4f9f-a819-c17eca8ba7f1	pUC57_Cre	-	1	3980	3461	7405	64	99	3880	3804	0.980412	0.940885	6554	0.522137
fc914b70-565d-48db-bb74-076a7ac805d2	pUC57_Cre	+	1	5937	1541	7407	51	121	5815	5736	0.986414	0.958076	10312	0.783693
b5a6d6d6-9c71-41bc-878a-dae866291801	pUC57_Cre	-	1	3980	3430	7360	42	91	3888	3811	0.980195	0.947774	6656	0.52633
1ee6121b-b0db-4528-9312-8f478778633e	pUC57_Cre	+	3432	7457	27	4023	36	65	3960	3905	0.986111	0.961586	7092	0.89149
258eb9a4-16d5-46bc-9292-046432160fa9	pUC57_Cre	+	1	3978	3476	7400	66	119	3858	3794	0.983411	0.938412	6498	0.520297
438ae9cc-908e-4821-a823-4be1edf58361	pUC57_Cre	+	3974	7457	8	3467	27	51	3432	3385	0.986305	0.964387	6194	0.692075
a2786f90-c508-4216-b1bf-3eaeac0bbc1c	pUC57_Cre	-	927	7457	6	6440	71	167	6363	6262	0.984127	0.948644	11000	0.864655
b789e45f-1f8a-481c-81a1-9a7f491958d2	pUC57_Cre	-	1	7097	349	7334	77	188	6908	6778	0.981181	0.944932	11822	0.938715
0c1d69f9-1d0e-400d-a787-1d19841abdc7	pUC57_Cre	+	1	6403	1069	7422	77	126	6276	6170	0.98311	0.952307	10970	0.844116
2e6a0ea5-0664-4a5b-b553-b181c3f07c7f	pUC57_Cre	-	2038	7457	15	5394	71	111	5308	5222	0.983798	0.951184	9244	0.714209
34daa32d-6bcd-4d4e-a602-1a422e17321e	pUC57_Cre	-	4	3980	3440	7403	65	78	3898	3839	0.984864	0.950012	6764	0.524559
b67dc91b-f52e-497f-929d-461b2fc2cb8d	pUC57_Cre	+	1	3980	3482	7419	57	99	3880	3815	0.983247	0.945243	6614	0.521996
56bc7a69-6163-4907-a73f-118222f3e0d8	pUC57_Cre	-	1	3980	3495	7471	67	70	3909	3849	0.984651	0.95131	6808	0.524276
a7dc3325-96b6-42ff-b89b-757517335a50	pUC57_Cre	-	3	3980	3475	7401	47	98	3879	3817	0.984016	0.948559	6676	0.522213
9a6e2aa6-1b58-4673-9df3-709780158d30	pUC57_Cre	+	1474	7457	26	5962	61	108	5875	5797	0.986723	0.959133	10452	0.79082
f1ec6e76-006a-482e-8297-64920974880a	pUC57_Cre	+	1	3970	3478	7386	45	106	3863	3798	0.983174	0.946188	6622	0.523017
b9b0a966-93dd-4fee-800e-0731bf22ceb9	pUC57_Cre	-	3393	7457	0	4048	61	77	3987	3931	0.985954	0.95297	7002	0.536392
2e13afb3-99a8-44a2-82f3-71c49f34e09e	pUC57_Cre	-	5	3980	3445	7323	35	132	3843	3767	0.980224	0.939402	6484	0.522928
b41edc54-a560-4357-829e-278d239f9c78	pUC57_Cre	-	1	4011	3428	7473	110	75	3935	3862	0.981449	0.937379	6667	0.527763
75e0ab11-827d-4af9-8ac0-a817160a8060	pUC57_Cre	-	1	3981	3416	7323	50	123	3857	3798	0.984703	0.942432	6562	0.524976
749322c0-edf0-4e54-ade0-2e59078fb6b6	pUC57_Cre	-	4966	6132	0	1144	11	33	1133	1114	0.98323	0.946474	1940	0.966724
1f4065cb-b0db-4055-8e03-a8d82be3ef6f	pUC57_Cre	-	3974	4961	7	980	8	22	965	948	0.982383	0.952764	1708	0.9545
25d92b0b-3273-48d2-86c5-9cee3080fa5e	pUC57_Cre	+	1	3980	3459	7407	54	85	3894	3829	0.983308	0.949417	6744	0.524798
82548239-ff9e-444e-980e-62700306f96d	pUC57_Cre	+	1	3980	3467	7393	36	89	3890	3803	0.977635	0.947198	6648	0.525392
bbbb402e-fcfb-4e42-ad11-af2d9f264a8b	pUC57_Cre	+	1	3968	3460	7390	47	84	3883	3819	0.983518	0.95142	6736	0.52544
ed8c24c6-ab56-4d58-9cc6-7aaeeed527f2	pUC57_Cre	-	4	4386	3041	7345	46	124	4258	4185	0.982856	0.945122	7318	0.577356
59a07506-00b4-4d51-aa6b-6423f8b103b3	pUC57_Cre	-	1	3980	3438	7357	56	116	3863	3798	0.983174	0.941264	6560	0.523229
3c2ffb6a-c726-4898-ba3b-562c516a309d	pUC57_Cre	+	1	3980	3477	7384	37	109	3870	3803	0.982687	0.946962	6674	0.523114
c6a112d3-ce35-4ebd-bb2d-51eb66d0dc99	pUC57_Cre	+	1	3980	3499	7442	43	79	3900	3828	0.981538	0.951765	6772	0.523069
b73850ca-28fd-47dc-9095-dd6b9a2381a6	pUC57_Cre	+	1	3979	3492	7456	63	77	3901	3837	0.983594	0.949517	6758	0.523203
d259ba53-bf7b-44d7-b256-c04310f276de	pUC57_Cre	+	1	3980	3459	7401	47	84	3895	3805	0.976893	0.945107	6600	0.525357
f223944d-b628-4f89-9321-49d6b8deea27	pUC57_Cre	+	1	3980	3481	7428	66	98	3881	3807	0.980933	0.941162	6570	0.5215
53b830b2-6e04-499b-a50d-acbcdd0e9c4a	pUC57_Cre	+	1	3980	3482	7424	61	98	3881	3810	0.981706	0.943069	6598	0.52185
c384ddc5-2167-43e1-8cc2-032248918dfa	pUC57_Cre	+	1181	7457	27	6258	74	119	6157	6038	0.980672	0.950866	10658	0.83012
51568b5c-26cf-4f0e-9af8-e575ea55fab4	pUC57_Cre	+	1	3970	3476	7365	45	125	3844	3779	0.983091	0.941455	6510	0.521928
6106b318-7f44-4184-9592-658803f8fdad	pUC57_Cre	+	1	7171	372	7477	82	147	7023	6929	0.986615	0.955461	12420	0.941926
fdbb404f-9484-4d74-97c8-20df700c573b	pUC57_Cre	-	1	3980	3430	7390	65	84	3895	3830	0.983312	0.947082	6678	0.525074
43d02783-8e5e-4c62-839b-467874cd1123	pUC57_Cre	-	1	3980	3471	7379	51	122	3857	3784	0.981073	0.938958	6498	0.520864
a2749722-df23-4646-90ed-58d59200cbdf	pUC57_Cre	+	1	3979	3481	7411	58	106	3872	3797	0.98063	0.940783	6534	0.521692
930197fd-4555-4851-b1f0-b993e02005a1	pUC57_Cre	+	1	3980	3460	7372	44	111	3868	3789	0.979576	0.941834	6532	0.523764
bf8c5d10-7230-4b70-99ed-eb04f394b9a2	pUC57_Cre	+	1	3983	3470	7435	60	77	3905	3832	0.981306	0.948046	6766	0.524372
c32dcb1d-ef48-4973-9c0b-f66b3f3ea2e8	pUC57_Cre	+	1	3980	3489	7421	57	104	3875	3809	0.982968	0.943756	6636	0.521254
019fea24-c06c-4c86-a276-34ad42797c2a	pUC57_Cre	+	1	3967	3472	7384	45	99	3867	3800	0.982674	0.947395	6660	0.523487
49b0c6ad-5dc6-4925-9b88-94d9af2df771	pUC57_Cre	+	3974	7457	23	3475	23	54	3429	3383	0.986585	0.964917	6208	0.834104
4b68ab4a-a416-442d-bee9-384e406eb78c	pUC57_Cre	-	1	3976	3483	7400	44	102	3873	3792	0.979086	0.943518	6540	0.520985
8f30af3e-0876-4e3d-b1e2-e5757a4316fd	pUC57_Cre	-	1	3980	3464	7443	81	81	3898	3833	0.983325	0.944089	6751	0.5228
4ce54f76-b321-4c34-a78f-ffac7bbf57c1	pUC57_Cre	+	6327	7457	27	1138	15	34	1096	1079	0.984489	0.942358	1876	0.505535
017bfb49-7d79-476b-a582-d938fcd65bfc	pUC57_Cre	+	3800	7450	28	3644	29	63	3587	3528	0.983552	0.958956	6364	0.731593
e6ce65a0-7276-44b0-af8b-2e273ea34099	pUC57_Cre	-	2013	7457	3	5409	80	118	5326	5234	0.982726	0.947502	9204	0.951581
3d448615-599d-4cda-84cf-8a80272f1aef	pUC57_Cre	+	1	3952	2519	6425	48	93	3858	3785	0.981078	0.946487	6576	0.598975
c18c9449-d0b0-4e6e-b94b-d5fbb4fc4ded	pUC57_Cre	-	1	2801	2569	5345	36	60	2740	2695	0.983577	0.950282	4770	0.509862
7673fa14-a59c-4138-bdd0-f219ee8d923e	pUC57_Cre	-	1	5968	1481	7387	67	128	5839	5747	0.984244	0.952436	10204	0.787564
21f7eb94-14eb-4974-8a0f-ff4530811615	pUC57_Cre	-	1	3980	3445	7352	51	123	3856	3770	0.977697	0.935484	6392	0.522564
cd1bd670-be8e-40c5-9d99-2793b3b04d08	pUC57_Cre	+	1	7457	3467	10838	91	176	7280	7161	0.983654	0.948854	12616	0.976395
fe1c5dc1-72bf-4075-8ead-90460698ed7f	pUC57_Cre	-	1	6355	1518	7819	79	132	6222	6106	0.981357	0.949168	10718	0.834496
8609892b-b1d1-43a8-b5f5-61afa4af39f5	pUC57_Cre	+	2612	6053	28	3446	48	71	3370	3336	0.989911	0.956148	5978	0.977378
b92c05af-6702-4067-b36c-22d121082fe8	*	*	-1	-1	-1	-1	-1	-1	-1	-1	-1	-1	-1	-1
3348fe4b-6593-4583-8378-9c62f03d10f1	pUC57_Cre	-	1	3980	3446	7363	49	111	3868	3767	0.973888	0.935204	6378	0.523268
6e214675-84fe-4d8e-9989-e16166ade50e	pUC57_Cre	+	194	7454	27	7220	87	154	7106	6992	0.983957	0.951681	12370	0.962221
045c469a-9ca2-47fd-9dd9-7dd251c10020	pUC57_Cre	+	1	3970	3482	7400	49	100	3869	3782	0.977514	0.941264	6490	0.522838
bac295ef-8cb2-4137-b99a-76f433b834f9	pUC57_Cre	+	1	5460	2008	7415	78	130	5329	5252	0.985551	0.948528	9256	0.718581
ece6bbd4-d69b-4aa0-8396-7869a525890e	*	*	-1	-1	-1	-1	-1	-1	-1	-1	-1	-1	-1	-1
499fea8d-e3bf-4f10-9742-16ba5462f8ea	*	*	-1	-1	-1	-1	-1	-1	-1	-1	-1	-1	-1	-1
cdd55f65-b878-4a8e-adb8-2e12a26630b4	pUC57_Cre	+	1	3968	3465	7377	41	96	3871	3800	0.981658	0.948104	6638	0.524739
07cb5f43-edd5-4429-b150-b60b04687345	pUC57_Cre	-	1	3980	3471	7401	62	111	3868	3800	0.98242	0.940361	6538	0.521013
b1488656-7a86-4d9b-9870-8a20e78fcf93	pUC57_Cre	-	3364	7455	12	4083	50	70	4021	3966	0.986322	0.95774	7164	0.543158
d53c7be8-ecf8-4f62-a241-fd09071eeb99	pUC57_Cre	+	270	7384	27	7097	69	113	7001	6926	0.989287	0.964221	12656	0.984531
7e9dbd77-86b9-448e-aedd-c0bc306842f1	pUC57_Cre	+	3967	7457	23	3486	26	53	3437	3401	0.989526	0.967292	6276	0.981159
08b49883-c5b0-4e99-9095-f0dbbb58259a	pUC57_Cre	-	1	3980	3457	7374	45	107	3872	3817	0.985795	0.948559	6718	0.523173
baca9dab-1b6d-466b-8caa-2ce64de2fc6b	pUC57_Cre	+	3271	7457	28	4193	52	73	4113	4055	0.985898	0.956819	7292	0.741883
fc0aa107-725e-4f7c-8f1f-94181afe8fb0	pUC57_Cre	+	1	4984	2470	7384	58	127	4856	4773	0.982908	0.946836	8344	0.657104
3151cc03-5933-4260-9d01-94b352d2ae2c	pUC57_Cre	+	1	3976	3477	7395	61	118	3857	3764	0.975888	0.932607	6286	0.520583
ed23d348-e307-4f9c-88c1-e28bca65d0f1	pUC57_Cre	+	3974	5872	22	1914	22	28	1870	1846	0.987166	0.961458	3356	0.957501
20100fc8-8f4e-42f6-b898-3f5c7add7662	pUC57_Cre	-	6327	7457	15	1137	3	11	1119	1105	0.987489	0.975287	2086	0.50542
66cac857-1587-44bf-b409-9a694a1b7daf	*	*	-1	-1	-1	-1	-1	-1	-1	-1	-1	-1	-1	-1
ddf7e796-c3ea-42a2-ba08-ebda53b87f40	pUC57_Cre	+	1	3970	3477	7423	44	67	3902	3831	0.981804	0.954647	6836	0.525663
295ecc85-71a4-42cd-9942-8275583246c3	pUC57_Cre	+	1754	7457	25	5679	60	109	5594	5522	0.987129	0.958182	9938	0.756253
1049a4ba-6582-4f55-9f59-92eb37d99b79	pUC57_Cre	+	3974	7457	21	3470	36	70	3413	3349	0.981248	0.951691	5942	0.980465
96c6f4eb-c5e5-4035-8022-072c7314c00b	pUC57_Cre	+	657	1149	34	533	10	3	489	488	0.997955	0.972112	902	0.914019
ea1c79e7-5924-43d4-8f5b-e88a2df2d6e5	pUC57_Cre	-	2167	6342	0	4129	45	91	4084	4024	0.985309	0.953555	7160	0.982912
362ce456-0c21-4f13-9260-2527c6167bad	pUC57_Cre	+	3978	7457	25	3466	24	62	3417	3368	0.98566	0.961462	6112	0.55033
84624d61-e561-419a-9cbd-0941bc0c72ae	pUC57_Cre	-	3	3980	3443	7374	37	83	3894	3837	0.985362	0.955904	6870	0.526074
c96f97f4-7ccf-4299-908c-d8dd74438c4c	pUC57_Cre	+	1	3980	3466	7413	61	93	3886	3801	0.978127	0.940842	6542	0.523297
162ed370-3162-45e8-b552-f98c91e72c96	pUC57_Cre	+	2179	6564	26	4383	64	92	4293	4222	0.983461	0.948977	7440	0.979466
a108bf6b-c9a3-44e8-b9a9-aecb6590d769	*	*	-1	-1	-1	-1	-1	-1	-1	-1	-1	-1	-1	-1
a1ff1477-fb0d-4514-841b-216b78dd4ced	pUC57_Cre	-	1	3980	3459	7389	61	110	3869	3784	0.978031	0.936634	6430	0.52171
07eb52e4-da4b-4dd9-873c-58b8894d8951	pUC57_Cre	+	1001	7457	26	6437	68	113	6343	6244	0.984392	0.957082	11202	0.850724
991c7ec9-1139-4b84-83d9-6c2656abf9a2	pUC57_Cre	+	5440	7457	23	2020	23	43	1974	1947	0.986322	0.954412	3490	0.856771
6389cc9e-671e-423c-8b6c-01ba63d2a742	pUC57_Cre	-	4	3980	3448	7387	49	86	3890	3794	0.975321	0.942609	6550	0.524612
4d115230-31a9-4f75-96b7-2d09e15df9e1	pUC57_Cre	-	1561	7457	0	5825	40	111	5785	5718	0.988418	0.963275	10462	0.783982
23e81b38-d522-4849-b7d7-fc2aea0090a6	pUC57_Cre	+	1	3980	3486	7434	54	85	3894	3807	0.977658	0.943962	6596	0.522825
3e98ad76-7a82-4a88-99cb-745abc05790e	pUC57_Cre	-	3	3980	3466	7402	58	99	3878	3810	0.982465	0.944238	6582	0.522008
40a081ee-4e86-48c4-989a-8e812dc0cff1	pUC57_Cre	-	1	3980	3461	7377	43	106	3873	3819	0.986057	0.949528	6768	0.523025
97d3c9a2-210f-4fd5-b6cf-9e3fa8a8fc30	pUC57_Cre	+	1	3980	3471	7421	58	87	3892	3820	0.981501	0.946247	6670	0.52347
cead6892-637b-45a7-86e3-ac219613aff5	pUC57_Cre	+	1	3965	3482	7402	44	88	3876	3815	0.984262	0.951846	6726	0.523642
6d133377-e532-4273-98bd-9e8103b624e5	pUC57_Cre	+	6130	7457	27	1339	11	26	1301	1281	0.984627	0.957399	2304	0.600092
96823138-e7b5-46b9-9519-c9d048da5436	pUC57_Cre	+	1	5291	1078	6317	70	121	5169	5076	0.982008	0.947015	8878	0.816975
1ba84907-608f-49e9-92f7-cc8e52b99a67	pUC57_Cre	+	1	6241	1228	7373	67	162	6078	5974	0.982889	0.947202	10458	0.824359
66e4270f-b354-4f53-b23a-46b4fb34e6ff	pUC57_Cre	-	1166	4582	1	3373	32	76	3340	3264	0.977246	0.946636	5724	0.982353
021819e1-433b-45a0-b260-828bd0dd6cc5	pUC57_Cre	-	3974	7457	9	3449	32	75	3408	3361	0.986209	0.956188	6012	0.657154
ada500d9-061c-40b5-935b-de6af847a84a	pUC57_Cre	+	3974	6871	24	2903	40	58	2839	2804	0.987672	0.954716	5020	0.977954
7a33600f-6438-4dec-b854-f5f8e83dde8c	pUC57_Cre	+	2094	3253	25	1176	14	22	1137	1108	0.974494	0.944587	1928	0.966837
3a2192b3-335e-4c4c-aab1-71d7e83fef37	pUC57_Cre	-	1	3980	3435	7391	66	89	3890	3808	0.97892	0.941409	6558	0.524471
6acf832b-7bee-4232-ac0e-5b4e07961f0e	pUC57_Cre	-	1	3980	3445	7375	68	117	3862	3790	0.981357	0.936496	6466	0.521821
cf3836e9-8bfd-460e-83b8-a1da1be52cc2	pUC57_Cre	-	3	3980	3455	7362	49	119	3858	3774	0.978227	0.937407	6436	0.52234
08e59077-e0d8-4d7b-bbca-5b55e88c1eaf	pUC57_Cre	-	4137	7457	4	3286	42	80	3240	3170	0.978395	0.942891	5472	0.658938
567d6306-88b9-4792-8d30-debfd3f53c90	pUC57_Cre	-	1	3980	3431	7342	47	115	3864	3810	0.986025	0.946349	6660	0.52443
30e8edfd-9809-4cd7-bdf6-019c868c4cbc	pUC57_Cre	+	1	3980	1019	4997	97	98	3881	3818	0.983767	0.936703	6569	0.774651
f18c5789-5a48-4ef3-8eb1-1956753c5abc	pUC57_Cre	-	1	3980	3479	7417	45	86	3893	3814	0.979707	0.947813	6646	0.523042
73f5e005-8a68-4bfe-a563-69f8f14673c9	pUC57_Cre	-	1	3980	3437	7386	73	103	3876	3791	0.97807	0.935587	6378	0.522724
15f63f9d-461a-4ec2-8670-a3bb7e76b7d9	pUC57_Cre	+	1	3980	3505	7460	52	76	3903	3839	0.983602	0.952369	6822	0.523471
b193fd25-d8ef-47ce-b5d5-04fa8e16ff6c	pUC57_Cre	+	1	4092	3059	7142	84	92	3999	3927	0.981996	0.940599	6758	0.558988
a02ac98a-d5c2-4acf-9681-3ada8a4cbbc5	pUC57_Cre	+	3974	7457	20	3483	40	60	3423	3392	0.990944	0.962816	6192	0.468583
01beff74-7418-4c8d-ac26-8deafddad921	pUC57_Cre	+	1	3970	3482	7404	45	92	3877	3810	0.982719	0.949178	6666	0.523636
1effc532-b062-40c0-bd18-192a78bafc73	pUC57_Cre	+	1	3980	3497	7396	49	129	3850	3774	0.98026	0.936941	6458	0.519779
9e76033e-02df-4ef1-abf8-66f9f8e64b25	pUC57_Cre	-	1	3980	3495	7425	50	99	3880	3802	0.979897	0.943658	6558	0.520456
188a355c-cb50-40b1-9bcb-d1ba64175b4a	pUC57_Cre	+	2809	7457	23	4609	24	86	4562	4479	0.981806	0.95869	8090	0.618912
1c6194bf-394f-4273-86ca-4e48e0264c52	pUC57_Cre	+	2653	7457	29	4780	39	92	4712	4677	0.992572	0.965724	8580	0.638742
1e2214f9-29a7-4b7b-b6ef-4212968a43e6	pUC57_Cre	-	1	3980	3467	7388	34	92	3887	3776	0.971443	0.940942	6496	0.524208
1a4621aa-8ca3-4cc1-bf18-ef16d023d704	pUC57_Cre	+	1	3980	3496	7395	53	133	3846	3758	0.977119	0.932044	6407	0.519098
c0f2e982-8238-4c97-bd81-067e9ef1c681	pUC57_Cre	-	1	3980	3470	7389	48	108	3871	3783	0.977267	0.939409	6438	0.52198
aefe443b-a16a-4b8d-864e-83fa36243f9b	pUC57_Cre	-	3535	7457	0	3889	42	75	3847	3800	0.987783	0.958628	6866	0.520076
07fd742e-ccb5-4850-ac56-8d68eaddd994	pUC57_Cre	-	1696	7457	12	5694	51	130	5631	5559	0.987214	0.956469	9948	0.760022
787fc21e-3d2b-4a2c-a27b-74298a1ebcd7	pUC57_Cre	-	1	3980	3456	7384	37	88	3891	3836	0.985865	0.955179	6854	0.524889
1ebb29e4-8da0-43ea-9178-5479c5b72176	pUC57_Cre	+	1	5265	2192	7396	60	120	5144	5051	0.981921	0.948723	8870	0.695511
689f0ef3-4bac-4a5a-8191-f4d73ddad285	pUC57_Cre	-	1	2860	1531	4360	39	69	2790	2737	0.981004	0.944444	4766	0.636405
cc6bd58b-cd42-4757-9473-855b4353cb10	pUC57_Cre	-	1	3980	3453	7367	51	116	3863	3801	0.98395	0.943176	6600	0.522451
2cdaee64-c5cc-4592-a248-2445e9706e2b	*	*	-1	-1	-1	-1	-1	-1	-1	-1	-1	-1	-1	-1
e4c362d1-c8ee-4aff-82fd-67f52efb092a	pUC57_Cre	-	1	3980	3438	7381	46	82	3897	3822	0.980754	0.949565	6716	0.526053
c00a3c06-c137-4c44-a8e6-dde44d872722	pUC57_Cre	-	1	3976	3434	7340	50	119	3856	3798	0.984959	0.943603	6582	0.523344
9a98eec8-8dab-4448-9fd4-eb4d4963eb54	pUC57_Cre	-	611	7457	4	6774	92	168	6678	6585	0.986074	0.949121	11606	0.902432
d447f051-03ff-4feb-8d58-f21792d9e94b	pUC57_Cre	-	1	3976	3463	7392	59	105	3870	3805	0.983204	0.943233	6586	0.521634
5657d223-248e-4bdc-94a2-31a2bde88860	pUC57_Cre	+	3978	7426	29	3446	31	62	3386	3330	0.983461	0.957172	5978	0.982589
c34905e5-3407-424f-a562-31315a8ea9cd	pUC57_Cre	+	5428	7457	28	2046	20	31	1998	1972	0.986987	0.962421	3570	0.505823
ef7e8ffc-47ff-4bc4-acee-672e4081744d	pUC57_Cre	-	3	3980	3442	7353	47	113	3864	3795	0.982143	0.943091	6578	0.523506
22d4d5ed-aa49-4293-9d39-353e58af9b1e	pUC57_Cre	+	1	3980	3487	7422	41	85	3894	3816	0.979969	0.949254	6676	0.523739
a42693c5-5c75-40f1-bbcc-25eb29eff2f9	pUC57_Cre	-	2	3980	3463	7426	73	88	3890	3823	0.982776	0.943718	6644	0.521727
90accf7a-eaa9-4a9a-b648-d31607433569	pUC57_Cre	-	1	3980	3464	7375	40	108	3871	3815	0.985533	0.949241	6710	0.522896
928c0e24-4114-4dc4-8d66-4223252f700e	pUC57_Cre	-	1	2436	853	3255	18	51	2384	2338	0.980705	0.953119	4166	0.725944
cf37618f-f0f3-4eb4-bd3e-b558c1d41178	pUC57_Cre	+	1	3970	3473	7400	57	99	3870	3806	0.983463	0.945355	6608	0.522973
41807474-1d36-4b0f-a7e7-06c9e8859a53	pUC57_Cre	-	4	3980	3447	7319	56	160	3816	3749	0.982442	0.929812	6383	0.519537
1a463389-d90e-4f19-ba95-a3b9ad39ec3a	pUC57_Cre	+	3	5633	1830	7382	78	156	5474	5375	0.981915	0.941661	9286	0.741533
a6a33a0d-a249-46f5-bf37-86c7c161b4a1	pUC57_Cre	+	1	3980	3481	7382	46	124	3855	3764	0.976394	0.935155	6428	0.521298
2054a44a-c590-4ed9-9985-d36dd1d157e8	pUC57_Cre	+	3956	7457	29	3500	31	61	3440	3399	0.988081	0.962344	6158	0.612536
5cf5320b-63b7-4715-a9a9-d5d7651985a5	pUC57_Cre	-	3749	7457	0	3707	49	50	3658	3614	0.987972	0.961938	6606	0.543375
8c6eda90-b9fb-44ea-80f1-24bbb2b7638d	pUC57_Cre	+	1402	5338	27	3915	22	70	3866	3836	0.99224	0.969176	7116	0.983965
6559038f-f6fc-4cc0-b1af-697b4465f1c2	pUC57_Cre	+	1	3980	3476	7421	54	88	3891	3807	0.978412	0.943962	6614	0.523406
385b425c-9d23-4ae3-961d-0106690ac324	pUC57_Cre	+	2996	7258	27	5596	1383	76	4186	4099	0.979216	0.726129	5879	0.748034
a6ed01e3-21a4-421e-9f18-1e5c81122a82	pUC57_Cre	-	2106	7457	4	5322	65	98	5253	5166	0.983438	0.95384	9218	0.707951
c4bf9596-14f6-40df-88cb-c3474a8e42bc	pUC57_Cre	+	3974	7457	23	3492	36	50	3433	3370	0.981649	0.957658	6076	0.827827
f0e5cc72-05dd-4ab6-b26c-22b937a8092f	pUC57_Cre	-	1	3976	3447	7341	45	126	3849	3769	0.979215	0.937562	6436	0.522323
60e9f006-cb24-41fa-9630-5a91643734c6	pUC57_Cre	-	5308	6061	11	766	11	9	744	733	0.985215	0.959424	1326	0.937028
f6ec8bc7-31a9-4d58-911d-42b3cb9734e6	pUC57_Cre	+	1246	1438	26	219	3	2	190	189	0.994737	0.969231	352	0.781893
3e61f500-844a-4cb2-ba86-19dc29aa67c8	pUC57_Cre	-	1	2165	714	2818	29	89	2075	2038	0.982169	0.929321	3467	0.72935
ceb4a7a7-a498-48f3-b02a-0d5b750158ea	pUC57_Cre	+	3782	4059	32	304	2	7	270	267	0.988889	0.956989	480	0.84375
c98a91ee-2eb3-449a-a897-18d111652e23	pUC57_Cre	+	1	3980	3466	7386	48	107	3872	3797	0.98063	0.942886	6536	0.523455
deff8b44-6b01-4db9-a6b1-58894b0aec4b	pUC57_Cre	-	2792	4967	0	2156	22	41	2134	2096	0.982193	0.954028	3730	0.977106
00caebf6-18a8-4026-a5b1-b37442e4950f	pUC57_Cre	-	4102	7457	13	3334	42	76	3279	3228	0.984446	0.95025	5700	0.77008
0ab053a6-0ce8-4584-9f3e-225b387769ee	*	*	-1	-1	-1	-1	-1	-1	-1	-1	-1	-1	-1	-1
1ae22c3d-951b-45f3-8b71-33ae8bc4f86a	pUC57_Cre	+	5371	7018	25	1648	5	29	1618	1586	0.980223	0.960048	2872	0.981796
10d1d690-760b-47e8-b461-5995e498bbec	pUC57_Cre	-	1	3980	3432	7330	49	130	3849	3795	0.98597	0.942155	6612	0.523389
e4a23d74-a3da-42ea-ab29-43e3c1171db0	pUC57_Cre	-	3431	5521	0	2076	28	42	2048	2015	0.983887	0.951369	3578	0.982254
f6a54813-3c3c-499e-8e05-532b8ff8ced2	pUC57_Cre	+	3531	4889	28	1378	15	23	1335	1322	0.990262	0.962855	2404	0.968795
25b41645-975e-4d5e-b882-351591af8825	pUC57_Cre	-	6658	7456	14	812	5	5	793	790	0.996217	0.983811	1524	0.70053
dbe966a1-2ddf-41c9-bfc2-86e993e26014	pUC57_Cre	+	165	929	25	777	9	21	743	732	0.985195	0.94696	1276	0.956242
5efe3598-e4ee-42cb-aba8-d258bd152214	pUC57_Cre	+	2	2411	880	3245	20	64	2345	2319	0.988913	0.954714	4122	0.719546
3ffba189-290b-4304-8f9d-9c9a9eaa9538	pUC57_Cre	-	1	3980	3415	7342	69	121	3858	3775	0.978486	0.932559	6374	0.523545
3d6362cc-d1fe-48db-b44d-f57695f242a5	pUC57_Cre	-	5112	7153	17	2028	17	47	1994	1966	0.985958	0.955296	3508	0.970316
b4fe29b0-a0f4-407a-9cf4-1c71804f5446	pUC57_Cre	-	2686	7454	12	4722	48	106	4662	4589	0.984342	0.952865	8170	0.845024
6945f6c2-6cc3-4b96-8718-c8e9c37a2f5a	pUC57_Cre	+	6439	7449	23	1020	4	17	993	982	0.988922	0.968442	1814	0.708779
0cacaace-fab0-4d42-915e-e7c207620e48	pUC57_Cre	+	5608	7457	27	1854	26	48	1801	1773	0.984453	0.9456	3070	0.562813
2f083ea9-65db-434b-957a-84a3fa6a543e	pUC57_Cre	+	1	3980	3482	7393	38	106	3873	3786	0.977537	0.942494	6540	0.522884
a52ef72e-f0b2-4bf9-b4e2-1fcf6aeb2a2e	pUC57_Cre	-	5706	7457	14	1747	18	36	1715	1680	0.979592	0.949689	2960	0.847332
6f6b5871-762f-4a54-a294-53f11fb3a4ee	pUC57_Cre	-	6811	7184	12	387	8	6	367	363	0.989101	0.952756	642	0.890777
01568ca8-63d7-401a-8001-1a8c0d2c3829	pUC57_Cre	-	3701	3980	2	276	3	8	271	269	0.99262	0.953901	484	0.891447
a08dbc58-5130-4e47-9202-7caa15add55f	pUC57_Cre	+	5726	7055	27	1339	9	26	1303	1276	0.979279	0.953662	2262	0.963757
08a310e3-613a-4734-91be-da13294bd3c2	pUC57_Cre	+	6038	7457	29	1433	14	29	1390	1365	0.982014	0.952547	2428	0.649229
4acb2181-7f43-4b57-82cb-9aab3df61414	pUC57_Cre	-	3248	3524	0	267	1	10	266	263	0.988722	0.949458	468	0.901695
421998be-7e8a-4135-ac11-93d47b6d72d6	pUC57_Cre	+	6276	6828	28	576	4	8	544	535	0.983456	0.96223	974	0.920474
a9c966c6-ee57-469d-9cd3-54a3f2cfeee4	pUC57_Cre	-	1	3980	3442	7356	40	105	3874	3810	0.98348	0.947997	6674	0.524719
f9bb7793-6ca7-4e15-9f1e-12e2f8e9e8a5	pUC57_Cre	+	3901	6998	28	3098	40	67	3030	2981	0.983828	0.950271	5260	0.97365
0fec0aa5-872d-48c7-84db-07c2e910ffb8	pUC57_Cre	-	1	3980	3447	7426	81	81	3898	3821	0.980246	0.941133	6582	0.523011
35c21287-d51c-49c3-8b93-5de5a8791d66	pUC57_Cre	+	1	3970	3505	7443	79	110	3859	3792	0.982638	0.936759	6458	0.518474
0d5fe9b4-9f1a-4179-a369-8df453965f08	pUC57_Cre	-	7238	7429	0	191	1	1	190	186	0.978947	0.96875	344	0.86758
994ad49b-d530-4b09-820e-480255761925	pUC57_Cre	-	1	4518	2909	7382	60	104	4413	4354	0.98663	0.951278	7668	0.595386
1091663f-d79a-42a0-8710-c1c456413a24	pUC57_Cre	+	1	3980	3460	7374	46	111	3868	3791	0.980093	0.941863	6488	0.523764
2a2267ea-8063-488b-9a93-3e74f9b4c2cc	pUC57_Cre	-	1	3980	868	4715	42	174	3805	3739	0.982654	0.929868	6483	0.802573
3723837e-bede-4b3a-8b48-5e01c3c2836a	pUC57_Cre	-	1160	7457	14	6116	76	271	6026	5923	0.982907	0.92939	10224	0.840446
c8344efc-e260-48cb-a94d-b87a57203d1c	pUC57_Cre	-	1	3980	3465	7388	48	104	3875	3790	0.978065	0.941147	6508	0.522589
d8fd45f2-1e93-4716-a107-24b0b1a2bf4c	pUC57_Cre	-	2	3980	3442	7367	43	96	3882	3809	0.981195	0.947277	6668	0.525162
35893e77-c548-4f55-8966-f5fd4a732740	pUC57_Cre	+	4860	7457	27	2601	30	53	2544	2507	0.985456	0.95432	4464	0.840159
18670885-4906-473a-9062-246b24699d5c	pUC57_Cre	-	1	3980	3449	7384	69	113	3866	3768	0.974651	0.93083	6304	0.521657
9f9bdb01-4f5c-4e8b-a7f5-edccf3435a01	pUC57_Cre	+	37	7457	27	7387	75	135	7285	7169	0.984077	0.956504	12842	0.982468
a6c56f83-8b70-4554-a2f8-181a1be91436	*	*	-1	-1	-1	-1	-1	-1	-1	-1	-1	-1	-1	-1
87dda521-4a01-4e1b-accc-9a1dccd32c09	pUC57_Cre	-	2901	7282	0	4327	32	86	4295	4235	0.98603	0.959665	7682	0.986223
56bdafba-7f3c-45fe-a85c-1adc14e9995c	pUC57_Cre	+	2	3966	3521	7488	79	76	3888	3826	0.984053	0.946327	6678	0.521459
a6eb449d-4f98-41e1-a8b3-1f67dc475cb5	pUC57_Cre	+	2	3980	3479	7409	51	99	3879	3811	0.98247	0.945892	6626	0.522776
e12be1d5-f108-45ab-987c-a82afb54a42f	pUC57_Cre	+	3974	7457	23	3472	33	67	3416	3364	0.984778	0.956769	6056	0.594915
675fe9f0-3152-43d0-a79f-e3d7e6a11ad0	pUC57_Cre	+	1	3980	3494	7387	46	132	3847	3782	0.983104	0.939627	6476	0.519795
fe53301f-3a26-46ba-87b8-350948eb9c24	pUC57_Cre	+	4276	7457	29	3183	21	48	3133	3101	0.989786	0.968457	5756	0.836806
ce734f61-a95b-4c5c-915b-21f7f2a3c09e	pUC57_Cre	+	2	4858	2591	7425	69	91	4765	4685	0.983211	0.951269	8258	0.641751
8036ca4d-09e9-457b-b564-27d67bed6b51	pUC57_Cre	+	945	7457	27	6447	46	138	6374	6285	0.986037	0.958371	11318	0.86521
71bc58cd-e0cc-4e83-ad48-d7b4c9db8b60	pUC57_Cre	-	1	7264	220	7432	80	131	7132	7026	0.985137	0.95683	12586	0.956545
c3499ea5-ebed-48d6-8386-8f9e11497b89	pUC57_Cre	-	1	3980	3443	7406	70	86	3893	3772	0.968919	0.931588	6288	0.523675
da08ceaa-7646-4cdc-9769-fb178984d644	pUC57_Cre	-	1	3980	3454	7386	54	101	3878	3794	0.978339	0.940739	6502	0.523206
c34a987d-a0ce-4f22-b1f4-034281acc59f	pUC57_Cre	-	1	3980	3441	7385	71	106	3873	3809	0.983475	0.940494	6564	0.522531
fa4bfd5e-f669-44c1-8ff3-bb5074fa3478	pUC57_Cre	+	1	7228	250	7413	84	148	7079	6957	0.982766	0.95158	12345	0.954429
07bbea80-6fbb-406c-8332-b6e7f3e1c6eb	pUC57_Cre	+	3974	7457	23	3468	48	86	3397	3341	0.983515	0.946191	5826	0.898677
4ad66bfe-1523-4fb2-87ff-cf0989635714	pUC57_Cre	+	1	3980	3492	7446	61	86	3893	3813	0.97945	0.943812	6628	0.52213
accf6735-9f8d-4635-9f68-137e213aeea0	pUC57_Cre	-	1	3980	3475	7393	45	106	3873	3763	0.971598	0.935139	6400	0.521897
8a47c052-b711-4396-8540-a2fc17bf17ba	pUC57_Cre	-	1	4459	2967	7355	67	137	4321	4231	0.979172	0.935028	7178	0.585422
3e93f05f-755b-4238-a5d7-6f5addf53c39	pUC57_Cre	-	4	3980	3460	7375	42	103	3873	3799	0.980893	0.945495	6644	0.523237
6a256d4c-eb60-4126-b403-cce3b40ce362	pUC57_Cre	+	2843	7457	27	4614	53	80	4534	4473	0.986546	0.958432	8024	0.608101
df8bd44f-97f2-4856-adc6-83e766ece159	*	*	-1	-1	-1	-1	-1	-1	-1	-1	-1	-1	-1	-1
11ab021d-1306-450f-9c9f-5df7069d5e16	*	*	-1	-1	-1	-1	-1	-1	-1	-1	-1	-1	-1	-1
22f55061-393d-4fed-af2f-42ab48b1eec8	*	*	-1	-1	-1	-1	-1	-1	-1	-1	-1	-1	-1	-1
84c61a2e-8725-42a4-a728-ecfa3e616c0e	pUC57_Cre	+	1	4972	2470	7386	72	127	4844	4757	0.98204	0.943288	8276	0.655569
b5f3b467-8b77-470d-9984-fe60869f7ca1	pUC57_Cre	+	1	3980	3500	7417	43	105	3874	3789	0.978059	0.942069	6526	0.5214
efb7d2a0-2ec6-4901-b140-2f9353d4c260	*	*	-1	-1	-1	-1	-1	-1	-1	-1	-1	-1	-1	-1
6fdca269-1e70-4dfd-9e04-4a3205973000	pUC57_Cre	-	1	3980	3457	7421	75	90	3889	3788	0.974029	0.934386	6398	0.522224
730a73ee-dc82-46b0-96da-2abda69659b9	pUC57_Cre	+	1	3970	3496	7414	53	104	3865	3782	0.978525	0.940328	6510	0.521311
08953a85-0e6a-47d9-9164-e8c353f9e099	pUC57_Cre	-	4	3980	3459	7385	68	118	3858	3786	0.981337	0.936202	6396	0.520437
34c1bd0d-f45b-41a7-97a6-fab97dff97a6	pUC57_Cre	+	3974	6160	23	2189	18	38	2148	2114	0.984171	0.959165	3796	0.98127
e6b79535-860b-4396-8ca9-9d5d3c9b1aac	pUC57_Cre	-	2067	6321	14	4217	50	101	4153	4075	0.981218	0.946794	7168	0.978097
9fd61314-cd7e-44b3-8c55-96542daa538c	pUC57_Cre	-	1	3980	3435	7342	44	116	3863	3806	0.985245	0.94606	6704	0.524365
dec8ad96-982a-401a-ac84-0be57eef2c64	pUC57_Cre	-	3788	7457	1	3649	47	68	3601	3533	0.981116	0.950754	6264	0.710256
ce042790-b9d8-4118-a04a-c07bebcea58b	pUC57_Cre	-	1	3980	3462	7387	42	96	3883	3826	0.985321	0.951505	6800	0.523174
d79bd225-42eb-447a-bdca-45c4dbba0cc9	pUC57_Cre	+	3036	7457	28	4388	55	116	4305	4225	0.981417	0.943923	7348	0.755131
fc1d96ea-1c09-4d08-9fe6-5d95964497ab	pUC57_Cre	-	1	3980	3496	7412	48	111	3868	3776	0.976215	0.937671	6426	0.520032
3cef449a-2454-45d8-b054-b811c10d5e60	pUC57_Cre	+	1	2628	1176	3786	34	51	2576	2502	0.971273	0.940248	4290	0.679683
1d508150-9c7f-42a0-90b1-24fbec406574	pUC57_Cre	-	988	6689	0	5694	86	93	5608	5529	0.985913	0.955417	9936	0.980077
c8fc35c6-5500-4126-88de-c3e82ab56da8	pUC57_Cre	+	3974	6874	22	2896	16	42	2858	2820	0.986704	0.967078	5192	0.982468
bbc49c8f-5af8-45ca-b628-d2b02d713918	pUC57_Cre	-	1	3980	3460	7409	57	87	3892	3820	0.981501	0.946482	6656	0.523329
54860b32-91f4-4660-b85c-7083003e1e9e	pUC57_Cre	-	1659	7457	0	5727	72	143	5655	5557	0.98267	0.946678	9716	0.75845
9410e047-312e-496f-8dce-ab414d3bc5fc	pUC57_Cre	+	2748	7457	28	4688	49	98	4611	4551	0.986988	0.956494	8176	0.680992
6168abb8-d75a-4df8-a0f8-c2af5a210318	pUC57_Cre	-	1	3980	3454	7368	49	114	3865	3784	0.979043	0.939424	6474	0.522721
2fcb80fd-c240-48ef-90d5-776c9c1f9f9f	pUC57_Cre	+	4866	5042	28	203	0	1	175	175	1	0.994318	344	0.821596
7314e306-8415-4e9d-991c-1a1db73192e0	pUC57_Cre	+	4157	7457	29	3308	38	59	3241	3193	0.98519	0.956561	5752	0.682603
2e90e27f-bb44-401c-ba10-ae42eb4ed545	pUC57_Cre	-	3	3980	3490	7404	44	107	3870	3791	0.979587	0.9428	6536	0.520791
e7092d0a-5c82-4d8b-a000-4954007ca151	pUC57_Cre	+	1	3970	3483	7406	75	121	3848	3768	0.97921	0.931751	6324	0.519368
1c89b894-87d0-4dd6-a7d2-08519e44e811	*	*	-1	-1	-1	-1	-1	-1	-1	-1	-1	-1	-1	-1
0b636740-77b5-4e76-a9cf-69a1234285ee	pUC57_Cre	+	3388	7457	28	4058	28	67	4002	3953	0.987756	0.964852	7252	0.542718
347a1ca0-bcc9-4e5b-8563-cba42bf69631	pUC57_Cre	+	5575	7428	26	1864	18	33	1820	1788	0.982418	0.955639	3186	0.976395
09948def-fcba-4f25-acaf-b3d3d583ddf1	pUC57_Cre	+	90	5804	31	5643	71	173	5541	5465	0.986284	0.944685	9526	0.981925
1332de8c-01d0-4a37-93c7-ff017af4340c	pUC57_Cre	+	4860	7454	28	2567	14	69	2525	2477	0.98099	0.94977	4372	0.717737
5659ec83-bd5e-48d2-ba73-e5f84517c41c	pUC57_Cre	+	4341	7457	27	3127	40	56	3060	3009	0.983333	0.953422	5350	0.889535
0438a9d8-73ba-4bf4-ad75-b73723944b0d	pUC57_Cre	+	3974	7457	23	3487	48	67	3416	3365	0.98507	0.952988	6000	0.780979
36633d60-6c9c-4d15-b4a1-fe5d64991762	pUC57_Cre	+	1	3980	3494	7406	44	111	3868	3795	0.981127	0.943326	6592	0.521505
f6a16426-91d8-44c0-8958-2efd2dc8c452	pUC57_Cre	+	5834	7457	25	1625	9	32	1591	1566	0.984287	0.959559	2838	0.484618
e39eacac-9f36-4e2f-8dd0-4397752076cb	pUC57_Cre	-	1	3981	3473	7432	50	71	3909	3847	0.984139	0.954591	6868	0.524276
d5523bbf-af32-4bf6-ab02-73ad57e4b695	pUC57_Cre	+	1	3980	3462	7409	43	75	3904	3825	0.979764	0.951019	6738	0.526004
0b7186db-1097-40e2-848a-18145b46c97d	pUC57_Cre	+	34	228	28	222	3	3	191	187	0.979058	0.949239	326	0.845133
c4200658-e4b0-4e94-b0c0-3980acd1b4ef	pUC57_Cre	+	4858	7457	28	2614	32	45	2554	2514	0.984338	0.95553	4494	0.832193
c4d1f684-daf7-46c7-aace-febb0834740e	pUC57_Cre	+	2502	7457	30	4958	55	82	4873	4776	0.980094	0.953293	8470	0.681443
965f4fb3-65ba-441d-b231-113c9ac10689	pUC57_Cre	-	5938	7457	0	1512	14	21	1498	1477	0.985981	0.96347	2696	0.704941
e9ea8298-bc7e-4ef5-88e2-04656f8fc8fe	pUC57_Cre	-	1	404	358	757	4	8	395	391	0.989873	0.960688	702	0.503827
e5bfb55c-04e7-4887-b864-167106fb6f56	pUC57_Cre	+	3164	7457	25	4277	29	70	4223	4162	0.985555	0.96298	7562	0.759123
6935794a-4aba-4b30-a61b-c0aca674f5c0	pUC57_Cre	-	4842	7457	0	2597	27	45	2570	2535	0.986381	0.9595	4586	0.700654
bd10862c-a7fb-415e-8a08-98a72d46f0ae	*	*	-1	-1	-1	-1	-1	-1	-1	-1	-1	-1	-1	-1
c7538bd0-2937-4c0e-9695-481b1f76e1b5	*	*	-1	-1	-1	-1	-1	-1	-1	-1	-1	-1	-1	-1
470df69c-172a-4df4-b5bd-fc57dcb4dca8	*	*	-1	-1	-1	-1	-1	-1	-1	-1	-1	-1	-1	-1
4338a3ff-1b0b-4ce4-960a-c6161825ae2d	pUC57_Cre	-	2564	2869	7	304	1	9	296	294	0.993243	0.960784	524	0.888889
c0e65a74-d7bd-44e1-8902-852a08baf605	pUC57_Cre	-	3765	4132	0	363	1	5	362	354	0.977901	0.961957	648	0.93299
b2fd63cf-d0ac-45e2-8753-6995b3ddf0a0	pUC57_Cre	-	4113	5290	13	1171	11	30	1147	1135	0.989538	0.955387	2032	0.957429
75722a1e-2103-432d-80ce-0bc70ee1b626	pUC57_Cre	-	5027	5235	0	201	0	7	201	200	0.995025	0.961538	362	0.851695
0280b8ef-fa4f-4918-9618-7524338e401e	pUC57_Cre	+	3974	7457	22	3481	31	55	3428	3368	0.982497	0.958452	6076	0.737522
1449de4c-e741-4051-b0ab-169713e51d8e	pUC57_Cre	+	3974	5504	23	1532	13	34	1496	1464	0.97861	0.948801	2578	0.975228
16cb7ae3-047c-4482-88f9-dd9d4d39301c	*	*	-1	-1	-1	-1	-1	-1	-1	-1	-1	-1	-1	-1
8cbd29bb-0b84-4970-85fa-27f007c989c4	pUC57_Cre	+	4627	5226	26	629	10	6	593	586	0.988196	0.962233	1056	0.935331
cc5e568d-fbbb-4a3d-b1f6-c97c96e497e3	pUC57_Cre	-	5179	7457	3	2280	31	32	2246	2223	0.98976	0.962754	4060	0.5037
bfef30eb-27fe-4811-8ffc-77275cfc93c6	pUC57_Cre	+	1	3907	3490	7369	66	93	3813	3726	0.977183	0.938066	6346	0.517438
23bfb70b-fc20-4a78-8696-5e71c20d64b6	pUC57_Cre	-	1	3980	3471	7404	53	99	3880	3811	0.982216	0.945188	6634	0.522348
e16c0e99-c6ec-49c9-9cbd-72c49a8c509e	pUC57_Cre	+	3974	5021	22	1062	7	14	1033	1017	0.984511	0.964896	1868	0.969043
cbbf9328-804c-4798-b652-bcb3f2844324	pUC57_Cre	+	5853	7457	34	1632	22	28	1576	1558	0.988579	0.95818	2812	0.921637
226ceafd-ce1d-4d40-858b-3ab9a2f071fa	pUC57_Cre	+	3170	5187	50	2061	31	37	1980	1938	0.978788	0.946289	3396	0.954217
39dac927-e4b5-4448-88ba-65af5c6275d5	pUC57_Cre	-	1	2847	1743	4580	38	47	2799	2723	0.972847	0.944175	4728	0.607554
2af5bb9c-3882-4e93-b5ce-d2947dcd8285	pUC57_Cre	+	3974	4274	22	321	3	4	296	294	0.993243	0.970297	538	0.919255
6f327cac-de27-4ff2-a042-4a28e7f046c9	pUC57_Cre	+	43	411	27	400	7	2	366	358	0.978142	0.954667	642	0.915
11467fb5-93fd-4971-845f-514b48f39d71	pUC57_Cre	+	1	6035	1353	7531	286	142	5892	5774	0.979973	0.913608	9827	0.790236
3b8c85a4-978f-45eb-bfe2-690b7711bfaa	pUC57_Cre	-	6802	7457	0	647	6	14	641	628	0.979719	0.950076	1104	0.944035
e9bfdfe0-01a2-4afa-b23a-2373227dc8ba	pUC57_Cre	+	1	3970	3511	7440	60	100	3869	3783	0.977772	0.938943	6450	0.520027
3ef2000c-75fe-4a14-b7f0-a999e4cead7b	pUC57_Cre	+	1	3970	3497	7451	47	62	3907	3851	0.985667	0.958914	6936	0.524359
538a42aa-9fef-4005-8c5e-3df0611e04ba	pUC57_Cre	-	2728	7452	0	4694	53	83	4641	4565	0.983624	0.955621	8182	0.627332
37053c18-5ccd-401f-b19d-2f11a1c6b640	pUC57_Cre	+	3974	7424	23	3443	34	64	3386	3338	0.985824	0.958094	6020	0.983159
ed0166fd-cf16-453d-8d46-f87b5f1a60c7	pUC57_Cre	-	1	3980	3455	7379	65	120	3859	3789	0.981861	0.936944	6416	0.520923
6c512258-0914-43fc-8a00-032fb1f6756b	*	*	-1	-1	-1	-1	-1	-1	-1	-1	-1	-1	-1	-1
a8a49611-1127-4424-b784-f37b302522b7	pUC57_Cre	-	1	3987	3753	7709	66	96	3890	3802	0.977378	0.938302	6512	0.521727
c0c3e99c-db9f-4dda-bfea-42f525c48671	pUC57_Cre	+	1	5036	2455	7480	94	104	4931	4808	0.975056	0.937415	8192	0.661347
48856329-98c2-4efb-b5e5-0d4d64d4ee47	pUC57_Cre	+	1	2375	2193	4573	41	35	2339	2296	0.981616	0.950725	4048	0.51081
7e36c97f-4227-462a-82b0-947bc8f1e9b7	*	*	-1	-1	-1	-1	-1	-1	-1	-1	-1	-1	-1	-1
2ffa3e9c-c172-43cb-97c1-f17c62fd4c1e	pUC57_Cre	-	1	3980	4800	8719	54	114	3865	3764	0.973868	0.9333	6324	0.518374
6d2f872f-1546-495f-921a-c8f1d95e91ce	pUC57_Cre	+	3974	7457	22	3482	39	62	3421	3359	0.981877	0.953719	5964	0.542757
6d58a285-7738-4c6d-a834-a120b0c1a8c5	pUC57_Cre	+	1	3980	3488	7414	56	109	3870	3799	0.981654	0.941512	6548	0.521212
0208a9a7-eb5a-438a-b13f-769c29fb2e5b	*	*	-1	-1	-1	-1	-1	-1	-1	-1	-1	-1	-1	-1
e76938c0-d98d-4cc5-be8b-9c064ce6b7c8	pUC57_Cre	-	400	7457	0	6976	88	169	6888	6742	0.978804	0.943597	11642	0.934473
d132ac6f-8f2e-4085-bb7d-09ad65154729	pUC57_Cre	+	4533	4754	28	250	3	2	219	218	0.995434	0.973214	402	0.829545
e097fc1f-a906-4baa-ae2f-cac114a8a2a3	pUC57_Cre	+	1	3980	3503	7474	66	74	3905	3804	0.974136	0.94042	6528	0.523739
b63f2335-9a48-425d-b3ad-2f5076bd7fb5	pUC57_Cre	+	3974	7457	23	3489	37	54	3429	3377	0.984835	0.959375	6104	0.721439
81b4165a-dd26-45c9-9b1f-debf4f932395	pUC57_Cre	-	2	3980	3459	7366	59	130	3848	3755	0.975832	0.930146	6260	0.520633
12d0d6b7-d88a-4897-b445-de4b5e5a72f1	pUC57_Cre	-	1	3980	3462	7335	44	150	3829	3736	0.975712	0.92866	6429	0.520103
0619dc8d-57af-45a4-b71b-f1700661947d	pUC57_Cre	-	1	4275	3049	7327	99	95	4179	4101	0.981335	0.9378	6982	0.568185
cd2d88ce-15fb-4189-9630-0746574cafec	pUC57_Cre	-	1	3980	3463	7395	60	107	3872	3787	0.978048	0.937608	6444	0.521692
115734a5-37bf-4b0e-a4aa-9e13063cc830	pUC57_Cre	+	135	7457	44	7327	113	152	7170	7036	0.981311	0.946335	12302	0.962416
4e0ed571-e57b-45b3-82da-1b7e6c3beb66	pUC57_Cre	+	4722	7456	28	2737	25	50	2684	2654	0.988823	0.961943	4846	0.575595
a3e0443d-9c4d-4753-85a4-055c5d123955	pUC57_Cre	+	1	5620	2580	8203	125	121	5498	5403	0.982721	0.940634	9298	0.737393
a2e84d82-b65f-458e-bea6-67bd4c610da5	pUC57_Cre	+	2	5466	2040	7489	79	94	5370	5273	0.981937	0.95129	9320	0.720225
e942d220-4966-46f8-b1b8-afc41568e88e	pUC57_Cre	-	1	3980	3456	7403	64	96	3883	3795	0.977337	0.938659	6478	0.522541
a9a3c089-ba2b-44a1-8e83-5c08a43ba406	pUC57_Cre	-	4460	5105	11	660	12	8	637	629	0.987441	0.957382	1142	0.924528
25e367cc-8dc0-4680-94f5-f8a0f1263b37	pUC57_Cre	-	1	3980	3460	7389	53	103	3876	3793	0.978586	0.940724	6490	0.522583
73514182-7e5b-4958-805c-8ca20bacd887	pUC57_Cre	-	1	3980	3439	7400	56	74	3905	3813	0.97644	0.944981	6642	0.525784
ffbbba02-d0df-47c1-a754-a2234227a8b0	*	*	-1	-1	-1	-1	-1	-1	-1	-1	-1	-1	-1	-1
cfd3d4ba-8818-41d4-877c-bc643ac363d0	pUC57_Cre	+	4199	6271	27	2104	38	33	2039	2010	0.985777	0.952607	3586	0.968186
e46fd94c-53d4-4d12-8654-bc699aaa8baa	pUC57_Cre	+	3981	6995	29	3011	30	62	2952	2916	0.987805	0.95795	5224	0.978455
2f80038c-5613-47b8-ad81-3b79b64a7572	pUC57_Cre	+	1	3979	3481	7438	71	92	3886	3813	0.981215	0.941714	6576	0.521401
e9a58a1e-ea9b-4fb2-8e21-8ff882f98d41	pUC57_Cre	+	1	6073	1394	7450	111	127	5945	5832	0.980992	0.943231	10104	0.797987
9eb6a92c-8528-4599-8cf3-951ae31304fb	*	*	-1	-1	-1	-1	-1	-1	-1	-1	-1	-1	-1	-1
b28763be-958b-4036-a059-413dc07c7f68	pUC57_Cre	+	1	3980	3498	7472	69	74	3905	3828	0.980282	0.945652	6618	0.523739
8ba7419b-cd20-4ca2-b77f-b7bd54b723e2	*	*	-1	-1	-1	-1	-1	-1	-1	-1	-1	-1	-1	-1
d32752be-1d64-4d57-a543-f222a03eea6c	pUC57_Cre	-	4147	4434	15	306	4	0	287	285	0.993031	0.979381	542	0.861862
fefdcaf7-59b7-46f9-8b8f-32c041ef2acc	pUC57_Cre	+	4556	6466	28	1923	14	29	1881	1856	0.986709	0.964657	3398	0.978159
2d1febee-ebd3-4532-881f-30f0a0cc1192	pUC57_Cre	+	3974	4580	23	625	9	13	593	590	0.994941	0.95935	1060	0.9488
cef82e3d-f907-4043-874b-4be468aaacd2	pUC57_Cre	-	6507	7349	12	852	9	11	831	817	0.983153	0.960047	1466	0.945392
243efa2e-240d-444f-a184-a813883d972c	pUC57_Cre	+	4413	5160	27	764	3	13	734	725	0.987738	0.966667	1346	0.958225
31759a89-caa4-4d5a-985d-511559ebb5f0	pUC57_Cre	+	6568	7457	29	922	13	9	880	853	0.969318	0.945676	1482	0.852713
036daaf5-6edb-4dc4-9411-a336e4d150da	pUC57_Cre	+	3974	5952	22	1986	16	30	1948	1918	0.9846	0.961886	3480	0.980866
81ac5473-4f65-4592-a292-f2079802fca9	*	*	-1	-1	-1	-1	-1	-1	-1	-1	-1	-1	-1	-1
9d578e6f-2c35-43a3-89a8-25e1c160a7b3	pUC57_Cre	+	3428	3724	31	324	2	5	291	284	0.975945	0.95302	502	0.898148
067fe527-065d-49b4-b453-db6b3f82915c	pUC57_Cre	+	1681	7101	27	5397	58	108	5312	5227	0.983998	0.95418	9298	0.98425
