read_id	alignment_genome	alignment_direction	alignment_genome_start	alignment_genome_end	alignment_strand_start	alignment_strand_end	alignment_num_insertions	alignment_num_deletions	alignment_num_aligned	alignment_num_correct	alignment_identity	alignment_accuracy	alignment_score	alignment_coverage
7e36c97f-4227-462a-82b0-947bc8f1e9b7	*	*	-1	-1	-1	-1	-1	-1	-1	-1	-1	-1	-1	-1
3ef2000c-75fe-4a14-b7f0-a999e4cead7b	pUC57_50Q_CRE_PURO	+	1	2660	4810	7451	27	45	2614	2573	0.984315	0.95793	4626	0.888209
ada500d9-061c-40b5-935b-de6af847a84a	pUC57_50Q_CRE_PURO	+	2664	2944	24	295	5	14	266	261	0.981203	0.915789	416	0.0916293
07cb5f43-edd5-4429-b150-b60b04687345	pUC57_50Q_CRE_PURO	-	1	2670	4776	7401	43	87	2582	2529	0.979473	0.932522	4278	0.877336
1a463389-d90e-4f19-ba95-a3b9ad39ec3a	pUC57_50Q_CRE_PURO	+	1	2944	3114	6016	50	91	2852	2791	0.978612	0.932509	4700	0.969079
c384ddc5-2167-43e1-8cc2-032248918dfa	pUC57_50Q_CRE_PURO	+	1	2944	155	3065	41	74	2869	2804	0.977344	0.939678	4782	0.974856
1effc532-b062-40c0-bd18-192a78bafc73	pUC57_50Q_CRE_PURO	+	1	2670	4786	7396	32	91	2578	2531	0.981769	0.93706	4354	0.875977
c34905e5-3407-424f-a562-31315a8ea9cd	pUC57_50Q_CRE_PURO	+	4	609	3347	3950	9	11	594	580	0.976431	0.944625	1020	0.201835
2ffa3e9c-c172-43cb-97c1-f17c62fd4c1e	pUC57_50Q_CRE_PURO	-	5	2670	6102	8719	26	74	2591	2523	0.973755	0.93757	4286	0.880394
017bfb49-7d79-476b-a582-d938fcd65bfc	pUC57_50Q_CRE_PURO	+	2490	2944	28	473	4	13	441	434	0.984127	0.947598	766	0.149847
c96f97f4-7ccf-4299-908c-d8dd74438c4c	pUC57_50Q_CRE_PURO	+	1	2670	4770	7413	40	66	2603	2548	0.978871	0.940568	4400	0.884472
f18c5789-5a48-4ef3-8eb1-1956753c5abc	pUC57_50Q_CRE_PURO	-	1	2670	4772	7417	32	56	2613	2557	0.978569	0.946686	4454	0.88787
f1ec6e76-006a-482e-8297-64920974880a	pUC57_50Q_CRE_PURO	+	3	2660	4784	7386	30	85	2572	2521	0.980171	0.938221	4296	0.873938
3ffba189-290b-4304-8f9d-9c9a9eaa9538	pUC57_50Q_CRE_PURO	-	4	2670	4709	7342	44	77	2589	2530	0.977211	0.933579	4286	0.879715
1b7bf45c-47b8-4bb4-9b4f-49cd60b9954e	*	*	-1	-1	-1	-1	-1	-1	-1	-1	-1	-1	-1	-1
6559038f-f6fc-4cc0-b1af-697b4465f1c2	pUC57_50Q_CRE_PURO	+	4	2670	4784	7421	27	56	2610	2551	0.977395	0.947271	4472	0.88685
25e367cc-8dc0-4680-94f5-f8a0f1263b37	pUC57_50Q_CRE_PURO	-	1	2670	4759	7389	39	78	2591	2525	0.974527	0.932422	4228	0.880394
0619dc8d-57af-45a4-b71b-f1700661947d	pUC57_50Q_CRE_PURO	-	1	2944	4354	7306	71	62	2881	2822	0.979521	0.936297	4794	0.978933
6acf832b-7bee-4232-ac0e-5b4e07961f0e	pUC57_50Q_CRE_PURO	-	4	2670	4747	7375	40	78	2588	2541	0.981839	0.939024	4370	0.879375
4e0ed571-e57b-45b3-82da-1b7e6c3beb66	pUC57_50Q_CRE_PURO	+	2	612	4049	4649	16	26	584	566	0.969178	0.904153	900	0.198437
cc6bd58b-cd42-4757-9473-855b4353cb10	pUC57_50Q_CRE_PURO	-	8	2670	4765	7367	25	85	2577	2532	0.982538	0.942315	4408	0.875637
49b0c6ad-5dc6-4925-9b88-94d9af2df771	pUC57_50Q_CRE_PURO	+	2664	2944	23	295	1	9	271	266	0.98155	0.946619	460	0.0920829
3d448615-599d-4cda-84cf-8a80272f1aef	pUC57_50Q_CRE_PURO	+	1	2642	3827	6425	26	69	2572	2527	0.982504	0.947507	4408	0.873938
cf3836e9-8bfd-460e-83b8-a1da1be52cc2	pUC57_50Q_CRE_PURO	-	4	2670	4730	7362	37	71	2595	2548	0.981888	0.942656	4400	0.881753
749322c0-edf0-4e54-ade0-2e59078fb6b6	*	*	-1	-1	-1	-1	-1	-1	-1	-1	-1	-1	-1	-1
a3e0443d-9c4d-4753-85a4-055c5d123955	pUC57_50Q_CRE_PURO	+	1	2944	3913	6832	61	85	2858	2794	0.977607	0.930093	4680	0.971118
243efa2e-240d-444f-a184-a813883d972c	*	*	-1	-1	-1	-1	-1	-1	-1	-1	-1	-1	-1	-1
787fc21e-3d2b-4a2c-a27b-74298a1ebcd7	pUC57_50Q_CRE_PURO	-	1	2670	4757	7384	24	66	2603	2567	0.98617	0.953212	4558	0.884472
fefdcaf7-59b7-46f9-8b8f-32c041ef2acc	*	*	-1	-1	-1	-1	-1	-1	-1	-1	-1	-1	-1	-1
49bfaaac-94ee-4fb2-9564-6f8344af1963	pUC57_50Q_CRE_PURO	-	8	2944	1778	4676	36	74	2862	2821	0.985674	0.949192	4970	0.972477
e6ce65a0-7276-44b0-af8b-2e273ea34099	pUC57_50Q_CRE_PURO	-	703	2944	3	2226	47	65	2176	2138	0.982537	0.934441	3608	0.739382
07fd742e-ccb5-4850-ac56-8d68eaddd994	pUC57_50Q_CRE_PURO	-	386	2944	12	2531	28	67	2491	2456	0.985949	0.949729	4326	0.846415
10d1d690-760b-47e8-b461-5995e498bbec	pUC57_50Q_CRE_PURO	-	1	2670	4727	7330	27	93	2576	2536	0.984472	0.940653	4420	0.875297
43d02783-8e5e-4c62-839b-467874cd1123	pUC57_50Q_CRE_PURO	-	1	2670	4766	7379	30	86	2583	2533	0.980643	0.938496	4354	0.877676
e942d220-4966-46f8-b1b8-afc41568e88e	pUC57_50Q_CRE_PURO	-	5	2670	4769	7403	45	76	2589	2533	0.97837	0.934686	4276	0.879715
6d2f872f-1546-495f-921a-c8f1d95e91ce	pUC57_50Q_CRE_PURO	+	1	1531	4779	6303	29	35	1495	1443	0.965217	0.925593	2374	0.507985
5cf5320b-63b7-4715-a9a9-d5d7651985a5	pUC57_50Q_CRE_PURO	-	4	1736	5003	6704	18	49	1683	1628	0.96732	0.930286	2722	0.571865
2cdaee64-c5cc-4592-a248-2445e9706e2b	*	*	-1	-1	-1	-1	-1	-1	-1	-1	-1	-1	-1	-1
c32dcb1d-ef48-4973-9c0b-f66b3f3ea2e8	pUC57_50Q_CRE_PURO	+	1	2670	4783	7421	44	75	2594	2550	0.983038	0.939919	4406	0.881414
d259ba53-bf7b-44d7-b256-c04310f276de	pUC57_50Q_CRE_PURO	+	5	2670	4757	7401	37	58	2607	2545	0.976218	0.941895	4368	0.885831
48856329-98c2-4efb-b5e5-0d4d64d4ee47	pUC57_50Q_CRE_PURO	+	3	1065	3513	4573	16	18	1044	1020	0.977012	0.946197	1780	0.35474
3b8c85a4-978f-45eb-bfe2-690b7711bfaa	*	*	-1	-1	-1	-1	-1	-1	-1	-1	-1	-1	-1	-1
ed8c24c6-ab56-4d58-9cc6-7aaeeed527f2	pUC57_50Q_CRE_PURO	-	4	2944	4331	7212	34	93	2847	2799	0.98314	0.941157	4856	0.96738
1ebb29e4-8da0-43ea-9178-5479c5b72176	pUC57_50Q_CRE_PURO	+	1	2944	3482	6395	31	61	2882	2822	0.979181	0.94889	4976	0.979273
a2e84d82-b65f-458e-bea6-67bd4c610da5	pUC57_50Q_CRE_PURO	+	1	2944	3353	6280	46	62	2881	2823	0.979868	0.944463	4906	0.978933
a2749722-df23-4646-90ed-58d59200cbdf	pUC57_50Q_CRE_PURO	+	1	2669	4787	7411	39	83	2585	2531	0.97911	0.934983	4298	0.878355
ceb4a7a7-a498-48f3-b02a-0d5b750158ea	pUC57_50Q_CRE_PURO	+	2472	2749	32	304	2	7	270	267	0.988889	0.956989	480	0.84375
fe1c5dc1-72bf-4075-8ead-90460698ed7f	pUC57_50Q_CRE_PURO	-	1	2944	2809	5727	42	67	2876	2819	0.980181	0.944389	4892	0.977234
a42693c5-5c75-40f1-bbcc-25eb29eff2f9	pUC57_50Q_CRE_PURO	-	1	2670	4778	7426	47	68	2601	2560	0.984237	0.942563	4442	0.883792
d447f051-03ff-4feb-8d58-f21792d9e94b	pUC57_50Q_CRE_PURO	-	3	2666	4762	7392	43	76	2587	2541	0.982219	0.939024	4356	0.879035
23e81b38-d522-4849-b7d7-fc2aea0090a6	pUC57_50Q_CRE_PURO	+	1	2670	4797	7434	29	61	2608	2545	0.975844	0.943291	4406	0.886171
07eb52e4-da4b-4dd9-873c-58b8894d8951	pUC57_50Q_CRE_PURO	+	1	2944	327	3252	35	53	2890	2825	0.977509	0.948623	4950	0.981991
90accf7a-eaa9-4a9a-b648-d31607433569	pUC57_50Q_CRE_PURO	-	1	2670	4755	7375	26	75	2594	2557	0.985736	0.948794	4512	0.881414
2e13afb3-99a8-44a2-82f3-71c49f34e09e	pUC57_50Q_CRE_PURO	-	1	2670	4743	7323	20	109	2560	2497	0.975391	0.928598	4188	0.869861
cd1bd670-be8e-40c5-9d99-2793b3b04d08	pUC57_50Q_CRE_PURO	+	1	2944	4758	7659	33	75	2868	2792	0.973501	0.938172	4792	0.974516
ef7e8ffc-47ff-4bc4-acee-672e4081744d	pUC57_50Q_CRE_PURO	-	1	2670	4732	7353	31	79	2590	2550	0.984556	0.944444	4448	0.880054
567d6306-88b9-4792-8d30-debfd3f53c90	pUC57_50Q_CRE_PURO	-	4	2670	4726	7342	32	82	2584	2549	0.986455	0.944774	4446	0.878016
019fea24-c06c-4c86-a276-34ad42797c2a	pUC57_50Q_CRE_PURO	+	1	2657	4772	7384	25	69	2587	2538	0.981059	0.946662	4436	0.879035
fc914b70-565d-48db-bb74-076a7ac805d2	pUC57_50Q_CRE_PURO	+	1	2944	2851	5743	25	76	2867	2828	0.986397	0.95283	5006	0.974176
73f5e005-8a68-4bfe-a563-69f8f14673c9	pUC57_50Q_CRE_PURO	-	3	2670	4743	7386	56	80	2587	2527	0.976807	0.928021	4166	0.879035
b73850ca-28fd-47dc-9095-dd6b9a2381a6	pUC57_50Q_CRE_PURO	+	1	2669	4802	7456	42	56	2612	2571	0.984303	0.948708	4514	0.88753
a9c966c6-ee57-469d-9cd3-54a3f2cfeee4	pUC57_50Q_CRE_PURO	-	1	2670	4744	7356	22	79	2590	2542	0.981467	0.94463	4406	0.880054
12d0d6b7-d88a-4897-b445-de4b5e5a72f1	pUC57_50Q_CRE_PURO	-	3	2670	4770	7335	27	129	2538	2476	0.975571	0.919079	4229	0.862385
20100fc8-8f4e-42f6-b898-3f5c7add7662	*	*	-1	-1	-1	-1	-1	-1	-1	-1	-1	-1	-1	-1
438ae9cc-908e-4821-a823-4be1edf58361	pUC57_50Q_CRE_PURO	+	2664	2944	8	277	0	11	269	266	0.988848	0.95	482	0.0914033
56bc7a69-6163-4907-a73f-118222f3e0d8	pUC57_50Q_CRE_PURO	-	4	2670	4816	7471	41	52	2614	2582	0.987758	0.953823	4602	0.888209
f223944d-b628-4f89-9321-49d6b8deea27	pUC57_50Q_CRE_PURO	+	1	2670	4792	7428	35	68	2601	2554	0.98193	0.944527	4466	0.883792
e4c362d1-c8ee-4aff-82fd-67f52efb092a	pUC57_50Q_CRE_PURO	-	1	2670	4743	7381	30	61	2608	2550	0.977761	0.944794	4414	0.886171
baca9dab-1b6d-466b-8caa-2ce64de2fc6b	pUC57_50Q_CRE_PURO	+	1961	2944	28	988	7	30	953	930	0.975866	0.939394	1598	0.323819
e76938c0-d98d-4cc5-be8b-9c064ce6b7c8	pUC57_50Q_CRE_PURO	-	1	2944	900	3792	32	83	2860	2804	0.98042	0.942521	4834	0.971797
40a081ee-4e86-48c4-989a-8e812dc0cff1	pUC57_50Q_CRE_PURO	-	1	2670	4750	7377	28	70	2599	2569	0.988457	0.95254	4602	0.883112
9e76033e-02df-4ef1-abf8-66f9f8e64b25	pUC57_50Q_CRE_PURO	-	1	2670	4802	7425	27	73	2596	2546	0.98074	0.944362	4404	0.882093
6945f6c2-6cc3-4b96-8718-c8e9c37a2f5a	*	*	-1	-1	-1	-1	-1	-1	-1	-1	-1	-1	-1	-1
a08dbc58-5130-4e47-9202-7caa15add55f	*	*	-1	-1	-1	-1	-1	-1	-1	-1	-1	-1	-1	-1
115734a5-37bf-4b0e-a4aa-9e13063cc830	pUC57_50Q_CRE_PURO	+	1	2944	1207	4120	36	66	2877	2808	0.976017	0.942598	4888	0.977574
499fea8d-e3bf-4f10-9742-16ba5462f8ea	*	*	-1	-1	-1	-1	-1	-1	-1	-1	-1	-1	-1	-1
1a4621aa-8ca3-4cc1-bf18-ef16d023d704	pUC57_50Q_CRE_PURO	+	1	2670	4803	7395	29	106	2563	2496	0.973859	0.92513	4221	0.87088
2e6a0ea5-0664-4a5b-b553-b181c3f07c7f	pUC57_50Q_CRE_PURO	-	728	2944	15	2201	28	58	2158	2120	0.982391	0.944742	3676	0.733265
162ed370-3162-45e8-b552-f98c91e72c96	pUC57_50Q_CRE_PURO	+	869	2944	26	2081	31	51	2024	1993	0.984684	0.946344	3498	0.687734
bbbb402e-fcfb-4e42-ad11-af2d9f264a8b	pUC57_50Q_CRE_PURO	+	1	2658	4746	7390	28	41	2616	2573	0.983563	0.958287	4620	0.888889
2d1febee-ebd3-4532-881f-30f0a0cc1192	pUC57_50Q_CRE_PURO	+	2664	2944	23	299	3	7	273	270	0.989011	0.954064	480	0.4368
4d115230-31a9-4f75-96b7-2d09e15df9e1	pUC57_50Q_CRE_PURO	-	251	2944	0	2648	18	63	2630	2581	0.981369	0.952047	4596	0.893646
8f30af3e-0876-4e3d-b1e2-e5757a4316fd	pUC57_50Q_CRE_PURO	-	1	2670	4774	7443	64	64	2605	2562	0.983493	0.937431	4477	0.885151
aefe443b-a16a-4b8d-864e-83fa36243f9b	pUC57_50Q_CRE_PURO	-	1	2213	5181	7370	31	54	2158	2109	0.977294	0.940259	3632	0.733265
97d3c9a2-210f-4fd5-b6cf-9e3fa8a8fc30	pUC57_50Q_CRE_PURO	+	1	2670	4771	7421	48	67	2602	2542	0.976941	0.935591	4318	0.884132
cead6892-637b-45a7-86e3-ac219613aff5	pUC57_50Q_CRE_PURO	+	1	2655	4783	7402	28	63	2591	2548	0.983404	0.950037	4470	0.880394
4ce54f76-b321-4c34-a78f-ffac7bbf57c1	*	*	-1	-1	-1	-1	-1	-1	-1	-1	-1	-1	-1	-1
2054a44a-c590-4ed9-9985-d36dd1d157e8	pUC57_50Q_CRE_PURO	+	1	795	4817	5616	14	9	785	770	0.980892	0.95297	1366	0.266735
59a07506-00b4-4d51-aa6b-6423f8b103b3	pUC57_50Q_CRE_PURO	-	1	2670	4735	7357	39	86	2583	2532	0.980256	0.935007	4314	0.877676
c6f23326-a147-4f49-bfcc-1eb3d13ca3e6	pUC57_50Q_CRE_PURO	+	1	2660	4783	7398	25	69	2590	2521	0.973359	0.93927	4346	0.880054
625163cb-f9c7-42ed-a117-e1b3ee17135e	pUC57_50Q_CRE_PURO	+	4	2944	631	3510	19	80	2860	2812	0.983217	0.950321	4950	0.971797
a1ff1477-fb0d-4514-841b-216b78dd4ced	pUC57_50Q_CRE_PURO	-	1	2670	4753	7389	44	77	2592	2528	0.975309	0.93181	4250	0.880734
b789e45f-1f8a-481c-81a1-9a7f491958d2	pUC57_50Q_CRE_PURO	-	4	2944	1647	4556	34	65	2875	2818	0.980174	0.947545	4942	0.976894
81b4165a-dd26-45c9-9b1f-debf4f932395	pUC57_50Q_CRE_PURO	-	1	2670	4763	7366	41	107	2562	2507	0.978532	0.925092	4122	0.87054
15f63f9d-461a-4ec2-8670-a3bb7e76b7d9	pUC57_50Q_CRE_PURO	+	1	2670	4805	7460	40	54	2615	2567	0.981644	0.947582	4514	0.888549
73514182-7e5b-4958-805c-8ca20bacd887	pUC57_50Q_CRE_PURO	-	1	2670	4755	7400	34	58	2611	2538	0.972041	0.938957	4352	0.88719
3c2ffb6a-c726-4898-ba3b-562c516a309d	pUC57_50Q_CRE_PURO	+	1	2670	4767	7384	24	76	2593	2547	0.98226	0.945785	4466	0.881074
ed0166fd-cf16-453d-8d46-f87b5f1a60c7	pUC57_50Q_CRE_PURO	-	4	2670	4756	7379	39	82	2584	2537	0.981811	0.937893	4312	0.878016
bb2cd422-02ee-4f9f-a819-c17eca8ba7f1	pUC57_50Q_CRE_PURO	-	1	2670	4746	7405	51	61	2608	2555	0.979678	0.939338	4394	0.886171
9a98eec8-8dab-4448-9fd4-eb4d4963eb54	pUC57_50Q_CRE_PURO	-	3	2944	701	3597	33	78	2863	2816	0.983584	0.946873	4946	0.972817
bac295ef-8cb2-4137-b99a-76f433b834f9	pUC57_50Q_CRE_PURO	+	1	2944	3320	6223	46	86	2857	2807	0.982499	0.93911	4826	0.970778
c6a112d3-ce35-4ebd-bb2d-51eb66d0dc99	pUC57_50Q_CRE_PURO	+	1	2670	4814	7442	19	60	2609	2550	0.977386	0.948661	4478	0.88651
8609892b-b1d1-43a8-b5f5-61afa4af39f5	pUC57_50Q_CRE_PURO	+	1302	2944	28	1647	25	48	1594	1574	0.987453	0.944211	2730	0.541624
84624d61-e561-419a-9cbd-0941bc0c72ae	pUC57_50Q_CRE_PURO	-	1	2670	4745	7374	22	62	2607	2568	0.98504	0.954292	4588	0.885831
7e9dbd77-86b9-448e-aedd-c0bc306842f1	pUC57_50Q_CRE_PURO	+	2657	2944	23	308	3	5	282	280	0.992908	0.965517	504	0.0958206
b1488656-7a86-4d9b-9870-8a20e78fcf93	pUC57_50Q_CRE_PURO	-	1	2050	5375	7375	26	75	1974	1930	0.97771	0.93012	3242	0.670744
c0c3e99c-db9f-4dda-bfea-42f525c48671	pUC57_50Q_CRE_PURO	+	1	2944	3775	6694	44	68	2875	2798	0.973217	0.936726	4772	0.976894
d53c7be8-ecf8-4f62-a241-fd09071eeb99	pUC57_50Q_CRE_PURO	+	1	2944	1052	3987	40	48	2895	2863	0.988946	0.959772	5190	0.98369
b9b0a966-93dd-4fee-800e-0731bf22ceb9	pUC57_50Q_CRE_PURO	-	1	2075	5356	7405	29	54	2020	1980	0.980198	0.941512	3410	0.686374
1ba84907-608f-49e9-92f7-cc8e52b99a67	pUC57_50Q_CRE_PURO	+	1	2944	2526	5401	35	103	2840	2773	0.976408	0.931162	4662	0.965002
a52ef72e-f0b2-4bf9-b4e2-1fcf6aeb2a2e	*	*	-1	-1	-1	-1	-1	-1	-1	-1	-1	-1	-1	-1
6f6b5871-762f-4a54-a294-53f11fb3a4ee	*	*	-1	-1	-1	-1	-1	-1	-1	-1	-1	-1	-1	-1
b67dc91b-f52e-497f-929d-461b2fc2cb8d	pUC57_50Q_CRE_PURO	+	4	2670	4790	7419	30	67	2599	2553	0.982301	0.946958	4448	0.883112
66cac857-1587-44bf-b409-9a694a1b7daf	*	*	-1	-1	-1	-1	-1	-1	-1	-1	-1	-1	-1	-1
6106b318-7f44-4184-9592-658803f8fdad	pUC57_50Q_CRE_PURO	+	3	2939	1688	4585	34	73	2863	2814	0.982885	0.947475	4938	0.972817
7544c838-587f-4ff9-99fd-57336bb9f35e	pUC57_50Q_CRE_PURO	+	1	2670	4777	7405	23	64	2605	2568	0.985797	0.953938	4570	0.885151
b63f2335-9a48-425d-b3ad-2f5076bd7fb5	pUC57_50Q_CRE_PURO	+	2664	2944	23	296	2	9	271	268	0.98893	0.950355	474	0.0920829
a6a33a0d-a249-46f5-bf37-86c7c161b4a1	pUC57_50Q_CRE_PURO	+	1	2670	4780	7382	27	94	2575	2511	0.975146	0.93138	4260	0.874958
c18c9449-d0b0-4e6e-b94b-d5fbb4fc4ded	pUC57_50Q_CRE_PURO	-	3	1491	3876	5345	19	38	1450	1427	0.984138	0.946914	2512	0.492695
6c512258-0914-43fc-8a00-032fb1f6756b	*	*	-1	-1	-1	-1	-1	-1	-1	-1	-1	-1	-1	-1
e9bfdfe0-01a2-4afa-b23a-2373227dc8ba	pUC57_50Q_CRE_PURO	+	1	2660	4820	7440	35	74	2585	2534	0.980271	0.940609	4350	0.878355
00caebf6-18a8-4026-a5b1-b37442e4950f	pUC57_50Q_CRE_PURO	-	2792	2944	13	163	3	5	147	145	0.986395	0.935484	246	0.049949
51568b5c-26cf-4f0e-9af8-e575ea55fab4	pUC57_50Q_CRE_PURO	+	1	2660	4756	7365	32	82	2577	2532	0.982538	0.940914	4380	0.875637
d32752be-1d64-4d57-a543-f222a03eea6c	pUC57_50Q_CRE_PURO	-	2837	2940	15	118	0	0	103	102	0.990291	0.990291	200	0.309309
cbbf9328-804c-4798-b652-bcb3f2844324	*	*	-1	-1	-1	-1	-1	-1	-1	-1	-1	-1	-1	-1
37053c18-5ccd-401f-b19d-2f11a1c6b640	pUC57_50Q_CRE_PURO	+	2664	2944	23	296	1	8	272	268	0.985294	0.953737	482	0.0924227
c0f2e982-8238-4c97-bd81-067e9ef1c681	pUC57_50Q_CRE_PURO	-	4	2670	4757	7389	34	68	2598	2533	0.974981	0.938148	4306	0.882773
b5a6d6d6-9c71-41bc-878a-dae866291801	pUC57_50Q_CRE_PURO	-	4	2670	4733	7360	25	64	2602	2552	0.980784	0.948346	4486	0.884132
34daa32d-6bcd-4d4e-a602-1a422e17321e	pUC57_50Q_CRE_PURO	-	1	2670	4744	7403	44	54	2615	2576	0.985086	0.949502	4524	0.888549
4b68ab4a-a416-442d-bee9-384e406eb78c	pUC57_50Q_CRE_PURO	-	1	2666	4777	7400	36	78	2587	2533	0.979126	0.937801	4310	0.879035
a02ac98a-d5c2-4acf-9681-3ada8a4cbbc5	pUC57_50Q_CRE_PURO	+	1	2670	4801	7291	24	203	2466	2415	0.979319	0.896769	4017	0.83792
21f7eb94-14eb-4974-8a0f-ff4530811615	pUC57_50Q_CRE_PURO	-	1	2670	4712	7352	32	61	2608	2545	0.975844	0.942244	4400	0.886171
ebf8b25a-4352-434b-b00e-aeadfbad60fc	pUC57_50Q_CRE_PURO	-	5	2670	4763	7395	25	58	2607	2574	0.987342	0.956877	4630	0.885831
c98a91ee-2eb3-449a-a897-18d111652e23	pUC57_50Q_CRE_PURO	+	1	2670	4767	7386	32	82	2587	2531	0.978353	0.93706	4302	0.879035
0c1d69f9-1d0e-400d-a787-1d19841abdc7	pUC57_50Q_CRE_PURO	+	1	2944	2359	5284	37	55	2888	2822	0.977147	0.94698	4952	0.981312
b193fd25-d8ef-47ce-b5d5-04fa8e16ff6c	pUC57_50Q_CRE_PURO	+	4	2782	4377	7142	54	67	2711	2667	0.98377	0.941737	4624	0.921169
3a2192b3-335e-4c4c-aab1-71d7e83fef37	pUC57_50Q_CRE_PURO	-	1	2670	4748	7391	40	66	2603	2547	0.978486	0.940199	4382	0.884472
41807474-1d36-4b0f-a7e7-06c9e8859a53	pUC57_50Q_CRE_PURO	-	1	2670	4672	7319	37	59	2610	2562	0.981609	0.946785	4484	0.88685
538a42aa-9fef-4005-8c5e-3df0611e04ba	pUC57_50Q_CRE_PURO	-	1418	2944	0	1509	16	33	1493	1472	0.985934	0.954604	2614	0.507305
e46fd94c-53d4-4d12-8654-bc699aaa8baa	pUC57_50Q_CRE_PURO	+	2671	2944	29	301	5	6	267	264	0.988764	0.94964	462	0.0907238
01beff74-7418-4c8d-ac26-8deafddad921	pUC57_50Q_CRE_PURO	+	1	2660	4793	7404	21	69	2590	2540	0.980695	0.947761	4432	0.880054
08e59077-e0d8-4d7b-bbca-5b55e88c1eaf	pUC57_50Q_CRE_PURO	-	1	311	4578	4889	7	6	304	302	0.993421	0.952681	538	0.103296
c00a3c06-c137-4c44-a8e6-dde44d872722	pUC57_50Q_CRE_PURO	-	1	2666	4745	7340	31	101	2564	2518	0.982059	0.933976	4252	0.87122
3151cc03-5933-4260-9d01-94b352d2ae2c	pUC57_50Q_CRE_PURO	+	1	2666	4761	7395	40	71	2594	2522	0.972244	0.932347	4218	0.881414
b28763be-958b-4036-a059-413dc07c7f68	pUC57_50Q_CRE_PURO	+	1	2670	4811	7472	43	51	2618	2568	0.980901	0.946903	4468	0.889568
2f083ea9-65db-434b-957a-84a3fa6a543e	pUC57_50Q_CRE_PURO	+	1	2670	4779	7393	22	77	2592	2526	0.974537	0.938685	4330	0.880734
96823138-e7b5-46b9-9519-c9d048da5436	pUC57_50Q_CRE_PURO	+	1	2944	2376	5292	36	63	2880	2826	0.98125	0.94864	4962	0.978593
82548239-ff9e-444e-980e-62700306f96d	pUC57_50Q_CRE_PURO	+	1	2670	4770	7393	18	64	2605	2540	0.975048	0.945292	4432	0.885151
fc0aa107-725e-4f7c-8f1f-94181afe8fb0	pUC57_50Q_CRE_PURO	+	1	2944	3762	6661	37	81	2862	2810	0.981831	0.942953	4888	0.972477
295ecc85-71a4-42cd-9942-8275583246c3	pUC57_50Q_CRE_PURO	+	444	2944	25	2493	27	59	2441	2401	0.983613	0.950139	4218	0.829426
01568ca8-63d7-401a-8001-1a8c0d2c3829	pUC57_50Q_CRE_PURO	-	2391	2670	2	276	3	8	271	269	0.99262	0.953901	484	0.891447
75e0ab11-827d-4af9-8ac0-a817160a8060	pUC57_50Q_CRE_PURO	-	1	2671	4715	7323	33	95	2575	2522	0.979418	0.933037	4244	0.874958
b92c05af-6702-4067-b36c-22d121082fe8	*	*	-1	-1	-1	-1	-1	-1	-1	-1	-1	-1	-1	-1
cf37618f-f0f3-4eb4-bd3e-b558c1d41178	pUC57_50Q_CRE_PURO	+	1	2660	4754	7400	34	47	2612	2578	0.986983	0.957297	4618	0.88753
8c6eda90-b9fb-44ea-80f1-24bbb2b7638d	pUC57_50Q_CRE_PURO	+	92	2944	27	2842	18	55	2797	2777	0.992849	0.967596	5128	0.950391
9a6e2aa6-1b58-4673-9df3-709780158d30	pUC57_50Q_CRE_PURO	+	164	2944	26	2775	22	53	2727	2695	0.988266	0.961813	4884	0.926606
a8a49611-1127-4424-b784-f37b302522b7	pUC57_50Q_CRE_PURO	-	4	2677	5062	7709	48	74	2599	2533	0.974606	0.930908	4258	0.883112
a7dc3325-96b6-42ff-b89b-757517335a50	pUC57_50Q_CRE_PURO	-	4	2670	4784	7401	24	73	2593	2562	0.988045	0.952416	4534	0.881074
81ac5473-4f65-4592-a292-f2079802fca9	*	*	-1	-1	-1	-1	-1	-1	-1	-1	-1	-1	-1	-1
f0e5cc72-05dd-4ab6-b26c-22b937a8092f	pUC57_50Q_CRE_PURO	-	1	2666	4752	7341	25	101	2564	2514	0.980499	0.934573	4272	0.87122
c00612e5-bddc-4fcf-8f0f-7291054fae65	pUC57_50Q_CRE_PURO	+	1	2670	4764	7401	22	54	2615	2572	0.983556	0.955779	4604	0.888549
421998be-7e8a-4135-ac11-93d47b6d72d6	*	*	-1	-1	-1	-1	-1	-1	-1	-1	-1	-1	-1	-1
ece6bbd4-d69b-4aa0-8396-7869a525890e	*	*	-1	-1	-1	-1	-1	-1	-1	-1	-1	-1	-1	-1
0cacaace-fab0-4d42-915e-e7c207620e48	*	*	-1	-1	-1	-1	-1	-1	-1	-1	-1	-1	-1	-1
188a355c-cb50-40b1-9bcb-d1ba64175b4a	pUC57_50Q_CRE_PURO	+	1499	2944	23	1431	5	42	1403	1365	0.972915	0.941379	2360	0.476724
66e4270f-b354-4f53-b23a-46b4fb34e6ff	pUC57_50Q_CRE_PURO	-	1	2944	142	3044	28	69	2874	2802	0.974948	0.943117	4874	0.976555
3e61f500-844a-4cb2-ba86-19dc29aa67c8	pUC57_50Q_CRE_PURO	-	48	855	2047	2818	18	54	753	744	0.988048	0.901818	1227	0.264675
ed23d348-e307-4f9c-88c1-e28bca65d0f1	pUC57_50Q_CRE_PURO	+	2664	2944	22	303	5	4	276	274	0.992754	0.961403	498	0.141321
7a33600f-6438-4dec-b854-f5f8e83dde8c	pUC57_50Q_CRE_PURO	+	784	1943	25	1176	14	22	1137	1108	0.974494	0.944587	1928	0.966837
dbe966a1-2ddf-41c9-bfc2-86e993e26014	*	*	-1	-1	-1	-1	-1	-1	-1	-1	-1	-1	-1	-1
f6a54813-3c3c-499e-8e05-532b8ff8ced2	pUC57_50Q_CRE_PURO	+	2221	2944	28	749	8	10	713	704	0.987377	0.963064	1280	0.517417
258eb9a4-16d5-46bc-9292-046432160fa9	pUC57_50Q_CRE_PURO	+	1	2668	4771	7400	47	85	2582	2542	0.984508	0.936625	4344	0.877336
2af5bb9c-3882-4e93-b5ce-d2947dcd8285	pUC57_50Q_CRE_PURO	+	2664	2944	22	301	3	4	276	274	0.992754	0.968198	498	0.857143
b41edc54-a560-4357-829e-278d239f9c78	pUC57_50Q_CRE_PURO	-	1	2701	4731	7473	89	47	2653	2605	0.981907	0.934027	4511	0.901461
cdd55f65-b878-4a8e-adb8-2e12a26630b4	pUC57_50Q_CRE_PURO	+	1	2658	4760	7377	28	68	2589	2540	0.981074	0.945996	4416	0.879715
0208a9a7-eb5a-438a-b13f-769c29fb2e5b	*	*	-1	-1	-1	-1	-1	-1	-1	-1	-1	-1	-1	-1
362ce456-0c21-4f13-9260-2527c6167bad	pUC57_50Q_CRE_PURO	+	4	1476	4774	6209	28	65	1407	1383	0.982942	0.922	2302	0.478084
ddf7e796-c3ea-42a2-ba08-ebda53b87f40	pUC57_50Q_CRE_PURO	+	1	2660	4803	7423	17	56	2603	2557	0.982328	0.955531	4588	0.884472
ffbbba02-d0df-47c1-a754-a2234227a8b0	*	*	-1	-1	-1	-1	-1	-1	-1	-1	-1	-1	-1	-1
689f0ef3-4bac-4a5a-8191-f4d73ddad285	pUC57_50Q_CRE_PURO	-	1	1550	2832	4360	24	45	1504	1475	0.980718	0.937699	2536	0.511043
cd2d88ce-15fb-4189-9630-0746574cafec	pUC57_50Q_CRE_PURO	-	4	2670	4762	7395	42	75	2591	2529	0.976071	0.9339	4272	0.880394
6d58a285-7738-4c6d-a834-a120b0c1a8c5	pUC57_50Q_CRE_PURO	+	4	2670	4802	7414	24	78	2588	2528	0.976816	0.939777	4340	0.879375
930197fd-4555-4851-b1f0-b993e02005a1	pUC57_50Q_CRE_PURO	+	5	2670	4765	7372	14	72	2593	2536	0.978018	0.946622	4440	0.881074
6e214675-84fe-4d8e-9989-e16166ade50e	pUC57_50Q_CRE_PURO	+	1	2944	1146	4055	29	63	2880	2831	0.982986	0.952557	5014	0.978593
25d92b0b-3273-48d2-86c5-9cee3080fa5e	pUC57_50Q_CRE_PURO	+	1	2670	4761	7407	39	62	2607	2567	0.984657	0.947932	4504	0.885831
ea1c79e7-5924-43d4-8f5b-e88a2df2d6e5	pUC57_50Q_CRE_PURO	-	857	2944	0	2054	23	56	2031	1998	0.983752	0.946919	3490	0.690112
a9a3c089-ba2b-44a1-8e83-5c08a43ba406	*	*	-1	-1	-1	-1	-1	-1	-1	-1	-1	-1	-1	-1
22d4d5ed-aa49-4293-9d39-353e58af9b1e	pUC57_50Q_CRE_PURO	+	1	2670	4778	7422	27	52	2617	2571	0.982423	0.953635	4552	0.889229
53b830b2-6e04-499b-a50d-acbcdd0e9c4a	pUC57_50Q_CRE_PURO	+	1	2670	4788	7424	38	71	2598	2556	0.983834	0.944219	4450	0.882773
b4fe29b0-a0f4-407a-9cf4-1c71804f5446	pUC57_50Q_CRE_PURO	-	1376	2944	12	1536	6	50	1518	1500	0.988142	0.952986	2692	0.5158
c4bf9596-14f6-40df-88cb-c3474a8e42bc	pUC57_50Q_CRE_PURO	+	2664	2944	23	301	2	4	276	275	0.996377	0.975177	526	0.0937819
1f4065cb-b0db-4055-8e03-a8d82be3ef6f	pUC57_50Q_CRE_PURO	-	2664	2944	7	282	0	5	275	271	0.985455	0.967857	504	0.272008
e097fc1f-a906-4baa-ae2f-cac114a8a2a3	pUC57_50Q_CRE_PURO	+	5	2670	4821	7474	39	51	2614	2546	0.973986	0.941568	4388	0.888209
a2786f90-c508-4216-b1bf-3eaeac0bbc1c	pUC57_50Q_CRE_PURO	-	1	2944	382	3282	44	87	2856	2793	0.977941	0.935052	4736	0.970438
3348fe4b-6593-4583-8378-9c62f03d10f1	pUC57_50Q_CRE_PURO	-	1	2670	4754	7363	26	86	2583	2505	0.969803	0.929499	4186	0.877676
67533444-7250-4798-8a89-6583546e3e4a	pUC57_50Q_CRE_PURO	-	8	2661	4741	7325	34	103	2550	2501	0.980784	0.930778	4220	0.866463
385b425c-9d23-4ae3-961d-0106690ac324	pUC57_50Q_CRE_PURO	+	1686	2944	27	1272	26	39	1219	1191	0.97703	0.92757	1976	0.414203
30e8edfd-9809-4cd7-bdf6-019c868c4cbc	pUC57_50Q_CRE_PURO	+	1	2670	2319	4997	69	60	2609	2567	0.983902	0.937546	4463	0.88651
226ceafd-ce1d-4d40-858b-3ab9a2f071fa	pUC57_50Q_CRE_PURO	+	1860	2944	50	1132	17	19	1065	1038	0.974648	0.942779	1800	0.513253
60e9f006-cb24-41fa-9630-5a91643734c6	*	*	-1	-1	-1	-1	-1	-1	-1	-1	-1	-1	-1	-1
928c0e24-4114-4dc4-8d66-4223252f700e	pUC57_50Q_CRE_PURO	-	1	1126	2143	3255	15	28	1097	1074	0.979034	0.942105	1866	0.372749
e9a58a1e-ea9b-4fb2-8e21-8ff882f98d41	pUC57_50Q_CRE_PURO	+	5	2944	2707	5630	59	75	2864	2809	0.980796	0.936958	4794	0.973157
021819e1-433b-45a0-b260-828bd0dd6cc5	pUC57_50Q_CRE_PURO	-	1	413	4749	5156	5	10	402	395	0.982587	0.947242	696	0.136595
0ab053a6-0ce8-4584-9f3e-225b387769ee	*	*	-1	-1	-1	-1	-1	-1	-1	-1	-1	-1	-1	-1
1e2214f9-29a7-4b7b-b6ef-4212968a43e6	pUC57_50Q_CRE_PURO	-	1	2670	4761	7388	17	59	2610	2526	0.967816	0.940432	4356	0.88685
3e98ad76-7a82-4a88-99cb-745abc05790e	pUC57_50Q_CRE_PURO	-	1	2670	4761	7402	32	60	2609	2560	0.981219	0.947797	4468	0.88651
08b49883-c5b0-4e99-9095-f0dbbb58259a	pUC57_50Q_CRE_PURO	-	3	2670	4754	7374	31	78	2589	2555	0.986867	0.946998	4488	0.879715
cfd3d4ba-8818-41d4-877c-bc643ac363d0	pUC57_50Q_CRE_PURO	+	2889	2944	27	82	0	0	55	51	0.927273	0.927273	86	0.0261159
1ae22c3d-951b-45f3-8b71-33ae8bc4f86a	*	*	-1	-1	-1	-1	-1	-1	-1	-1	-1	-1	-1	-1
bf8c5d10-7230-4b70-99ed-eb04f394b9a2	pUC57_50Q_CRE_PURO	+	1	2673	4771	7435	38	46	2626	2575	0.980579	0.950185	4586	0.892287
6389cc9e-671e-423c-8b6c-01ba63d2a742	pUC57_50Q_CRE_PURO	-	1	2670	4749	7387	28	59	2610	2536	0.971648	0.940304	4338	0.88685
991c7ec9-1139-4b84-83d9-6c2656abf9a2	*	*	-1	-1	-1	-1	-1	-1	-1	-1	-1	-1	-1	-1
a6ed01e3-21a4-421e-9f18-1e5c81122a82	pUC57_50Q_CRE_PURO	-	796	2944	4	2121	20	51	2097	2058	0.981402	0.949262	3626	0.712538
4acb2181-7f43-4b57-82cb-9aab3df61414	pUC57_50Q_CRE_PURO	-	1938	2214	0	267	1	10	266	263	0.988722	0.949458	468	0.901695
5efe3598-e4ee-42cb-aba8-d258bd152214	pUC57_50Q_CRE_PURO	+	1	1101	2169	3245	8	32	1068	1053	0.985955	0.950361	1838	0.362895
5a420ba8-67ad-4d12-989a-d8c7ad37db11	pUC57_50Q_CRE_PURO	+	1	2668	4775	7399	26	69	2598	2542	0.978445	0.943929	4390	0.882773
6d133377-e532-4273-98bd-9e8103b624e5	*	*	-1	-1	-1	-1	-1	-1	-1	-1	-1	-1	-1	-1
1c6194bf-394f-4273-86ca-4e48e0264c52	pUC57_50Q_CRE_PURO	+	1343	2944	29	1604	10	36	1565	1551	0.991054	0.962756	2818	0.53177
8ba7419b-cd20-4ca2-b77f-b7bd54b723e2	*	*	-1	-1	-1	-1	-1	-1	-1	-1	-1	-1	-1	-1
3d6362cc-d1fe-48db-b44d-f57695f242a5	*	*	-1	-1	-1	-1	-1	-1	-1	-1	-1	-1	-1	-1
9d578e6f-2c35-43a3-89a8-25e1c160a7b3	pUC57_50Q_CRE_PURO	+	2118	2414	31	324	2	5	291	284	0.975945	0.95302	502	0.898148
036daaf5-6edb-4dc4-9411-a336e4d150da	pUC57_50Q_CRE_PURO	+	2664	2944	22	299	1	4	276	273	0.98913	0.97153	504	0.138973
1ee6121b-b0db-4528-9312-8f478778633e	pUC57_50Q_CRE_PURO	+	2122	2937	27	829	5	18	797	789	0.989962	0.962195	1432	0.270812
f6ec8bc7-31a9-4d58-911d-42b3cb9734e6	pUC57_50Q_CRE_PURO	+	1	128	94	219	0	2	125	124	0.992	0.976378	236	0.514403
6f327cac-de27-4ff2-a042-4a28e7f046c9	*	*	-1	-1	-1	-1	-1	-1	-1	-1	-1	-1	-1	-1
d132ac6f-8f2e-4085-bb7d-09ad65154729	*	*	-1	-1	-1	-1	-1	-1	-1	-1	-1	-1	-1	-1
deff8b44-6b01-4db9-a6b1-58894b0aec4b	pUC57_50Q_CRE_PURO	-	1482	2944	0	1445	17	34	1428	1400	0.980392	0.946586	2438	0.653846
1049a4ba-6582-4f55-9f59-92eb37d99b79	pUC57_50Q_CRE_PURO	+	2664	2944	21	287	5	19	261	258	0.988506	0.905263	404	0.088685
045c469a-9ca2-47fd-9dd9-7dd251c10020	pUC57_50Q_CRE_PURO	+	1	2660	4772	7400	31	62	2597	2533	0.975356	0.941636	4348	0.882433
31759a89-caa4-4d5a-985d-511559ebb5f0	*	*	-1	-1	-1	-1	-1	-1	-1	-1	-1	-1	-1	-1
cef82e3d-f907-4043-874b-4be468aaacd2	*	*	-1	-1	-1	-1	-1	-1	-1	-1	-1	-1	-1	-1
8fa2dcd1-d0e3-4c6a-82b4-37a4a301c3f2	pUC57_50Q_CRE_PURO	+	4	2670	4803	7433	34	70	2596	2549	0.981895	0.944074	4438	0.882093
96c6f4eb-c5e5-4035-8022-072c7314c00b	*	*	-1	-1	-1	-1	-1	-1	-1	-1	-1	-1	-1	-1
5657d223-248e-4bdc-94a2-31a2bde88860	pUC57_50Q_CRE_PURO	+	2668	2944	29	302	4	7	269	262	0.973978	0.935714	442	0.0914033
9eb6a92c-8528-4599-8cf3-951ae31304fb	*	*	-1	-1	-1	-1	-1	-1	-1	-1	-1	-1	-1	-1
7673fa14-a59c-4138-bdd0-f219ee8d923e	pUC57_50Q_CRE_PURO	-	1	2938	2767	5686	39	57	2880	2821	0.979514	0.947917	4950	0.978593
067fe527-065d-49b4-b453-db6b3f82915c	pUC57_50Q_CRE_PURO	+	371	2937	27	2570	25	48	2518	2465	0.978952	0.95137	4372	0.85559
a108bf6b-c9a3-44e8-b9a9-aecb6590d769	*	*	-1	-1	-1	-1	-1	-1	-1	-1	-1	-1	-1	-1
08a310e3-613a-4734-91be-da13294bd3c2	*	*	-1	-1	-1	-1	-1	-1	-1	-1	-1	-1	-1	-1
e4a23d74-a3da-42ea-ab29-43e3c1171db0	pUC57_50Q_CRE_PURO	-	2121	2944	0	817	11	17	806	789	0.978908	0.946043	1374	0.386571
25b41645-975e-4d5e-b882-351591af8825	*	*	-1	-1	-1	-1	-1	-1	-1	-1	-1	-1	-1	-1
fdbb404f-9484-4d74-97c8-20df700c573b	pUC57_50Q_CRE_PURO	-	5	2670	4740	7390	45	60	2605	2564	0.984261	0.946125	4474	0.885151
2f80038c-5613-47b8-ad81-3b79b64a7572	pUC57_50Q_CRE_PURO	+	1	2669	4807	7438	37	74	2594	2541	0.979568	0.939372	4372	0.881414
df8bd44f-97f2-4856-adc6-83e766ece159	*	*	-1	-1	-1	-1	-1	-1	-1	-1	-1	-1	-1	-1
e9ea8298-bc7e-4ef5-88e2-04656f8fc8fe	*	*	-1	-1	-1	-1	-1	-1	-1	-1	-1	-1	-1	-1
347a1ca0-bcc9-4e5b-8563-cba42bf69631	*	*	-1	-1	-1	-1	-1	-1	-1	-1	-1	-1	-1	-1
6935794a-4aba-4b30-a61b-c0aca674f5c0	*	*	-1	-1	-1	-1	-1	-1	-1	-1	-1	-1	-1	-1
8036ca4d-09e9-457b-b564-27d67bed6b51	pUC57_50Q_CRE_PURO	+	1	2944	384	3264	29	92	2851	2790	0.978604	0.938762	4762	0.968739
ce734f61-a95b-4c5c-915b-21f7f2a3c09e	pUC57_50Q_CRE_PURO	+	1	2944	3894	6823	46	60	2883	2821	0.978495	0.943794	4886	0.979613
b5f3b467-8b77-470d-9984-fe60869f7ca1	pUC57_50Q_CRE_PURO	+	1	2670	4802	7417	23	77	2592	2531	0.976466	0.940193	4334	0.880734
8a47c052-b711-4396-8540-a2fc17bf17ba	pUC57_50Q_CRE_PURO	-	3	2941	4273	7150	31	92	2846	2789	0.979972	0.939374	4796	0.96704
c4200658-e4b0-4e94-b0c0-3980acd1b4ef	*	*	-1	-1	-1	-1	-1	-1	-1	-1	-1	-1	-1	-1
0fec0aa5-872d-48c7-84db-07c2e910ffb8	pUC57_50Q_CRE_PURO	-	1	2670	4756	7426	51	50	2619	2571	0.981672	0.945221	4488	0.889908
84c61a2e-8725-42a4-a728-ecfa3e616c0e	pUC57_50Q_CRE_PURO	+	1	2944	3756	6659	36	76	2867	2810	0.980119	0.94327	4896	0.974176
c8fc35c6-5500-4126-88de-c3e82ab56da8	pUC57_50Q_CRE_PURO	+	2664	2944	22	295	3	10	270	263	0.974074	0.929329	428	0.0928154
75722a1e-2103-432d-80ce-0bc70ee1b626	*	*	-1	-1	-1	-1	-1	-1	-1	-1	-1	-1	-1	-1
2e90e27f-bb44-401c-ba10-ae42eb4ed545	pUC57_50Q_CRE_PURO	-	1	2670	4772	7404	36	73	2596	2535	0.976502	0.937153	4312	0.882093
22f55061-393d-4fed-af2f-42ab48b1eec8	*	*	-1	-1	-1	-1	-1	-1	-1	-1	-1	-1	-1	-1
08953a85-0e6a-47d9-9164-e8c353f9e099	pUC57_50Q_CRE_PURO	-	1	2670	4760	7385	39	83	2586	2542	0.982985	0.9387	4316	0.878695
9f9bdb01-4f5c-4e8b-a7f5-edccf3435a01	pUC57_50Q_CRE_PURO	+	1	2944	1293	4202	28	62	2881	2826	0.980909	0.951195	4988	0.978933
e12be1d5-f108-45ab-987c-a82afb54a42f	pUC57_50Q_CRE_PURO	+	1	879	4769	5639	11	19	859	837	0.974389	0.941507	1434	0.291879
e7092d0a-5c82-4d8b-a000-4954007ca151	pUC57_50Q_CRE_PURO	+	1	2660	4780	7406	52	85	2574	2517	0.977856	0.92844	4196	0.874618
07bbea80-6fbb-406c-8332-b6e7f3e1c6eb	pUC57_50Q_CRE_PURO	+	2664	2944	23	294	3	12	268	257	0.958955	0.908127	412	0.0910635
da08ceaa-7646-4cdc-9769-fb178984d644	pUC57_50Q_CRE_PURO	-	4	2670	4770	7386	28	78	2588	2524	0.97527	0.936897	4284	0.879375
bbc49c8f-5af8-45ca-b628-d2b02d713918	pUC57_50Q_CRE_PURO	-	4	2670	4776	7409	36	69	2597	2551	0.982287	0.944115	4432	0.882433
11ab021d-1306-450f-9c9f-5df7069d5e16	*	*	-1	-1	-1	-1	-1	-1	-1	-1	-1	-1	-1	-1
d8fd45f2-1e93-4716-a107-24b0b1a2bf4c	pUC57_50Q_CRE_PURO	-	8	2670	4754	7367	21	70	2592	2538	0.979167	0.945956	4450	0.880734
e5bfb55c-04e7-4887-b864-167106fb6f56	pUC57_50Q_CRE_PURO	+	1854	2944	25	1087	7	35	1055	1040	0.985782	0.94804	1816	0.358478
4338a3ff-1b0b-4ce4-960a-c6161825ae2d	pUC57_50Q_CRE_PURO	-	1254	1559	7	304	1	9	296	294	0.993243	0.960784	524	0.888889
4ad66bfe-1523-4fb2-87ff-cf0989635714	pUC57_50Q_CRE_PURO	+	1	2670	4814	7446	30	67	2602	2549	0.979631	0.944424	4452	0.884132
c3499ea5-ebed-48d6-8386-8f9e11497b89	pUC57_50Q_CRE_PURO	-	1	2670	4757	7406	43	63	2606	2512	0.963929	0.926254	4128	0.885491
675fe9f0-3152-43d0-a79f-e3d7e6a11ad0	pUC57_50Q_CRE_PURO	+	1	2670	4776	7387	25	83	2586	2543	0.983372	0.94395	4406	0.878695
0438a9d8-73ba-4bf4-ad75-b73723944b0d	pUC57_50Q_CRE_PURO	+	2664	2944	23	294	7	16	264	255	0.965909	0.888502	376	0.0897044
35c21287-d51c-49c3-8b93-5de5a8791d66	pUC57_50Q_CRE_PURO	+	1	2660	4816	7443	42	74	2585	2540	0.982592	0.940392	4380	0.878355
0280b8ef-fa4f-4918-9618-7524338e401e	pUC57_50Q_CRE_PURO	+	2664	2944	22	294	5	13	267	261	0.977528	0.915789	410	0.0907238
1c89b894-87d0-4dd6-a7d2-08519e44e811	*	*	-1	-1	-1	-1	-1	-1	-1	-1	-1	-1	-1	-1
54860b32-91f4-4660-b85c-7083003e1e9e	pUC57_50Q_CRE_PURO	-	349	2944	0	2565	39	69	2526	2469	0.977435	0.937358	4186	0.858308
965f4fb3-65ba-441d-b231-113c9ac10689	*	*	-1	-1	-1	-1	-1	-1	-1	-1	-1	-1	-1	-1
2a2267ea-8063-488b-9a93-3e74f9b4c2cc	pUC57_50Q_CRE_PURO	-	4	2670	2165	4715	20	136	2530	2482	0.981028	0.924051	4317	0.859667
e6b79535-860b-4396-8ca9-9d5d3c9b1aac	pUC57_50Q_CRE_PURO	-	757	2944	14	2167	21	55	2132	2090	0.9803	0.946558	3672	0.724431
c8344efc-e260-48cb-a94d-b87a57203d1c	pUC57_50Q_CRE_PURO	-	1	2670	4758	7388	33	72	2597	2536	0.976511	0.938564	4322	0.882433
2fcb80fd-c240-48ef-90d5-776c9c1f9f9f	*	*	-1	-1	-1	-1	-1	-1	-1	-1	-1	-1	-1	-1
efb7d2a0-2ec6-4901-b140-2f9353d4c260	*	*	-1	-1	-1	-1	-1	-1	-1	-1	-1	-1	-1	-1
bd10862c-a7fb-415e-8a08-98a72d46f0ae	*	*	-1	-1	-1	-1	-1	-1	-1	-1	-1	-1	-1	-1
6168abb8-d75a-4df8-a0f8-c2af5a210318	pUC57_50Q_CRE_PURO	-	4	2670	4741	7368	31	70	2596	2553	0.983436	0.946607	4452	0.882093
994ad49b-d530-4b09-820e-480255761925	pUC57_50Q_CRE_PURO	-	1	2944	4202	7127	40	58	2885	2849	0.987522	0.955079	5086	0.980292
d5523bbf-af32-4bf6-ab02-73ad57e4b695	pUC57_50Q_CRE_PURO	+	3	2670	4764	7409	30	52	2615	2551	0.975526	0.945866	4442	0.888549
f9bb7793-6ca7-4e15-9f1e-12e2f8e9e8a5	pUC57_50Q_CRE_PURO	+	2591	2944	28	369	3	15	338	330	0.976331	0.926966	552	0.114849
35893e77-c548-4f55-8966-f5fd4a732740	*	*	-1	-1	-1	-1	-1	-1	-1	-1	-1	-1	-1	-1
fa4bfd5e-f669-44c1-8ff3-bb5074fa3478	pUC57_50Q_CRE_PURO	+	1	2944	1561	4470	42	76	2867	2801	0.976979	0.938358	4837	0.974176
1091663f-d79a-42a0-8710-c1c456413a24	pUC57_50Q_CRE_PURO	+	1	2670	4751	7374	27	73	2596	2547	0.981125	0.944733	4402	0.882093
d79bd225-42eb-447a-bdca-45c4dbba0cc9	pUC57_50Q_CRE_PURO	+	1726	2944	28	1219	14	41	1177	1152	0.97876	0.935065	1950	0.399932
71bc58cd-e0cc-4e83-ad48-d7b4c9db8b60	pUC57_50Q_CRE_PURO	-	1	2944	1513	4439	40	57	2886	2845	0.985793	0.953738	5056	0.980632
accf6735-9f8d-4635-9f68-137e213aeea0	pUC57_50Q_CRE_PURO	-	1	2670	4771	7393	27	74	2595	2505	0.965318	0.929154	4212	0.881753
3cef449a-2454-45d8-b054-b811c10d5e60	pUC57_50Q_CRE_PURO	+	1	1318	2483	3786	16	30	1287	1253	0.973582	0.939985	2150	0.437309
7314e306-8415-4e9d-991c-1a1db73192e0	pUC57_50Q_CRE_PURO	+	1	109	4621	4732	4	1	107	106	0.990654	0.946429	186	0.0363575
470df69c-172a-4df4-b5bd-fc57dcb4dca8	*	*	-1	-1	-1	-1	-1	-1	-1	-1	-1	-1	-1	-1
3723837e-bede-4b3a-8b48-5e01c3c2836a	pUC57_50Q_CRE_PURO	-	1	2944	163	3033	31	104	2839	2794	0.984149	0.939475	4818	0.964662
0b636740-77b5-4e76-a9cf-69a1234285ee	pUC57_50Q_CRE_PURO	+	1	2044	5369	7372	18	58	1985	1942	0.978338	0.942261	3356	0.674482
fe53301f-3a26-46ba-87b8-350948eb9c24	*	*	-1	-1	-1	-1	-1	-1	-1	-1	-1	-1	-1	-1
0d5fe9b4-9f1a-4179-a369-8df453965f08	*	*	-1	-1	-1	-1	-1	-1	-1	-1	-1	-1	-1	-1
0b7186db-1097-40e2-848a-18145b46c97d	*	*	-1	-1	-1	-1	-1	-1	-1	-1	-1	-1	-1	-1
36633d60-6c9c-4d15-b4a1-fe5d64991762	pUC57_50Q_CRE_PURO	+	1	2670	4794	7406	21	78	2591	2536	0.978773	0.942751	4386	0.880394
dec8ad96-982a-401a-ac84-0be57eef2c64	pUC57_50Q_CRE_PURO	-	2478	2941	1	460	7	11	452	444	0.982301	0.944681	776	0.153585
e39eacac-9f36-4e2f-8dd0-4397752076cb	pUC57_50Q_CRE_PURO	-	1	2671	4791	7432	23	52	2618	2574	0.983193	0.955811	4626	0.889568
09948def-fcba-4f25-acaf-b3d3d583ddf1	pUC57_50Q_CRE_PURO	+	1	2944	1226	4099	45	115	2828	2782	0.983734	0.931058	4680	0.960924
56bdafba-7f3c-45fe-a85c-1adc14e9995c	pUC57_50Q_CRE_PURO	+	1	2656	4837	7488	48	52	2603	2561	0.983865	0.947466	4494	0.884472
c7538bd0-2937-4c0e-9695-481b1f76e1b5	*	*	-1	-1	-1	-1	-1	-1	-1	-1	-1	-1	-1	-1
5659ec83-bd5e-48d2-ba73-e5f84517c41c	*	*	-1	-1	-1	-1	-1	-1	-1	-1	-1	-1	-1	-1
a6c56f83-8b70-4554-a2f8-181a1be91436	*	*	-1	-1	-1	-1	-1	-1	-1	-1	-1	-1	-1	-1
87dda521-4a01-4e1b-accc-9a1dccd32c09	pUC57_50Q_CRE_PURO	-	1591	2944	0	1337	13	29	1324	1303	0.984139	0.95388	2342	0.449881
9fd61314-cd7e-44b3-8c55-96542daa538c	pUC57_50Q_CRE_PURO	-	3	2670	4734	7342	24	83	2584	2545	0.984907	0.945745	4500	0.878016
fc1d96ea-1c09-4d08-9fe6-5d95964497ab	pUC57_50Q_CRE_PURO	-	4	2670	4802	7412	27	83	2583	2518	0.974835	0.935017	4256	0.877676
c34a987d-a0ce-4f22-b1f4-034281acc59f	pUC57_50Q_CRE_PURO	-	4	2670	4765	7385	35	81	2585	2538	0.981818	0.939652	4356	0.878355
1332de8c-01d0-4a37-93c7-ff017af4340c	*	*	-1	-1	-1	-1	-1	-1	-1	-1	-1	-1	-1	-1
730a73ee-dc82-46b0-96da-2abda69659b9	pUC57_50Q_CRE_PURO	+	1	2660	4805	7414	33	83	2576	2515	0.97632	0.93425	4262	0.875297
1d508150-9c7f-42a0-90b1-24fbec406574	pUC57_50Q_CRE_PURO	-	3	2944	324	3251	35	49	2892	2847	0.98444	0.956653	5134	0.982671
c0e65a74-d7bd-44e1-8902-852a08baf605	pUC57_50Q_CRE_PURO	-	2455	2822	0	363	1	5	362	354	0.977901	0.961957	648	0.93299
a6eb449d-4f98-41e1-a8b3-1f67dc475cb5	pUC57_50Q_CRE_PURO	+	1	2670	4776	7409	32	68	2601	2556	0.982699	0.946316	4464	0.883792
6fdca269-1e70-4dfd-9e04-4a3205973000	pUC57_50Q_CRE_PURO	-	4	2670	4778	7421	35	58	2608	2530	0.970092	0.93669	4306	0.886171
8cbd29bb-0b84-4970-85fa-27f007c989c4	*	*	-1	-1	-1	-1	-1	-1	-1	-1	-1	-1	-1	-1
f6a16426-91d8-44c0-8958-2efd2dc8c452	pUC57_50Q_CRE_PURO	+	1	343	2926	3265	5	8	334	327	0.979042	0.942363	560	0.11349
c4d1f684-daf7-46c7-aace-febb0834740e	pUC57_50Q_CRE_PURO	+	1192	2944	30	1769	18	31	1721	1668	0.969204	0.942373	2870	0.584777
18670885-4906-473a-9062-246b24699d5c	pUC57_50Q_CRE_PURO	-	1	2670	4749	7384	39	73	2596	2545	0.980354	0.939808	4398	0.882093
b2fd63cf-d0ac-45e2-8753-6995b3ddf0a0	pUC57_50Q_CRE_PURO	-	2803	2944	13	153	1	2	139	138	0.992806	0.971831	258	0.116027
3e93f05f-755b-4238-a5d7-6f5addf53c39	pUC57_50Q_CRE_PURO	-	1	2670	4746	7375	37	77	2592	2535	0.978009	0.936807	4330	0.880734
ce042790-b9d8-4118-a04a-c07bebcea58b	pUC57_50Q_CRE_PURO	-	8	2670	4757	7387	27	59	2603	2568	0.986554	0.955002	4612	0.884472
34c1bd0d-f45b-41a7-97a6-fab97dff97a6	pUC57_50Q_CRE_PURO	+	2664	2944	23	299	2	6	274	268	0.978102	0.950355	472	0.125171
9410e047-312e-496f-8dce-ab414d3bc5fc	pUC57_50Q_CRE_PURO	+	1438	2944	28	1511	20	43	1463	1433	0.979494	0.939056	2464	0.497112
e16c0e99-c6ec-49c9-9cbd-72c49a8c509e	pUC57_50Q_CRE_PURO	+	2664	2944	22	297	1	6	274	270	0.985401	0.960854	490	0.257036
16cb7ae3-047c-4482-88f9-dd9d4d39301c	*	*	-1	-1	-1	-1	-1	-1	-1	-1	-1	-1	-1	-1
1449de4c-e741-4051-b0ab-169713e51d8e	pUC57_50Q_CRE_PURO	+	2664	2944	23	296	4	11	269	255	0.947955	0.897887	380	0.175359
11467fb5-93fd-4971-845f-514b48f39d71	pUC57_50Q_CRE_PURO	+	1	2944	2642	5760	246	71	2872	2810	0.978412	0.881154	4665	0.975875
39dac927-e4b5-4448-88ba-65af5c6275d5	pUC57_50Q_CRE_PURO	-	1	1537	3045	4580	26	27	1509	1476	0.978131	0.944942	2570	0.512742
cc5e568d-fbbb-4a3d-b1f6-c97c96e497e3	pUC57_50Q_CRE_PURO	-	1	861	3578	4429	19	28	832	803	0.965144	0.913538	1272	0.282705
23bfb70b-fc20-4a78-8696-5e71c20d64b6	pUC57_50Q_CRE_PURO	-	15	2670	4788	7404	33	72	2583	2535	0.981417	0.94308	4404	0.877676
bfef30eb-27fe-4811-8ffc-77275cfc93c6	pUC57_50Q_CRE_PURO	+	1	2597	4805	7369	39	71	2525	2469	0.977822	0.937002	4210	0.857968
6a256d4c-eb60-4126-b403-cce3b40ce362	pUC57_50Q_CRE_PURO	+	1	2665	12064	14721	44	51	2613	2551	0.976272	0.942024	4432	0.88787
